# QC PARAMETERS	TABLE
# SITE: TOGA RADAR

# Add line(s) to the end of this table to complement or override those
# QC parameters specified on previous lines of the table.

# Use
#
# The QC parameters applied to a radar volume scan are found via a
# bottom_to_top table search for a match between the VOS date/time and a
# table entry date/time.



#min hour day mon year hThresh1 hThresh2 hThresh3 zThresh0 zThresh1 zThresh2 zThresh3 hFreeze dbzNoise zCalibr
#--------------------------------------------------------------------------------------------------------------
 *    *    *   *    *   3.0      4.0      2.5       13.0     15.0     15.0     25.0     -99.0    11.0    0.0
 *    * 01-16 01   99   3.0      3.5      2.5       13.0     15.0     15.0     25.0     -99.0     7.0    0.0
 *    * 07-17 01   99   3.0      3.5      2.5       13.0     15.0     30.0     25.0     -99.0     7.0    0.0
 *    *    *  02   99   3.0      4.0      2.5       13.0     15.0     15.0     25.0     -99.0    11.0    0.0
# Corrections to defaults
#Intense clutter to E
*   09-11 07  01   99   3.0      4.0      2.5       13.0     15.0     30.0     25.0     -99.0    10.0    0.0
*     00  08  01   99   3.0      3.5      2.5       13.0     15.0     30.0     25.0     -99.0    13.0    0.0
00-12 01  08  01   99   3.0      3.5      2.5       13.0     15.0     30.0     25.0     -99.0    13.0    0.0
50    01  08  01   99   3.0      3.5      2.5       13.0     15.0     30.0     25.0     -99.0    13.0    0.0
20    10  08  01   99   3.0      4.0      2.5       13.0     15.0     30.0     25.0     -99.0     7.0    0.0
30-40 10  08  01   99   3.0      3.5      2.5       13.0     15.0     30.0     25.0     -99.0    13.0    0.0
*   13-16 11  01   99   3.0      3.5      2.5       13.0     15.0     15.0     25.0     -99.0     7.0    0.0
20-59 13  12  01   99   1.5      2.0      2.0       13.0     14.0     15.0     20.0     -99.0     7.0    0.0
*     14  12  01   99   1.5      2.0      2.0       13.0     14.0     15.0     20.0     -99.0     7.0    0.0
00-10 15  12  01   99   1.5      2.0      2.0       13.0     15.0     15.0     22.0     -99.0     7.0    0.0
11-20 15  12  01   99   2.0      2.5      2.5       13.0     15.0     15.0     23.0     -99.0     7.0    0.0
21-29 15  12  01   99   2.5      3.0      2.5       13.0     15.0     15.0     25.0     -99.0     7.0    0.0
*     23  12  01   99   3.0      4.5      5.0       13.0     15.0     15.0     25.0     -99.0    10.0    0.0
*  00-01  13  01   99   3.0      4.5      5.0       13.0     15.0     15.0     25.0     -99.0    10.0    0.0
40-59 04  13  01   99   3.0      4.0      3.5       13.0     15.0     15.0     25.0     -99.0    11.0    0.0
*  05-08  13  01   99   3.0      4.0      3.5       13.0     15.0     15.0     25.0     -99.0    11.0    0.0
*  20-21  13  01   99   1.0      1.5      2.5       13.0     15.0     15.0     20.0     -99.0     7.0    0.0
*  02-04  14  01   99   3.0      5.0      2.5       13.0     15.0     15.0     25.0     -99.0    13.0    0.0
40-59 00  16  01   99   3.0      4.0      2.5       13.0     15.0     15.0     25.0     -99.0    11.0    0.0
00-20 01  16  01   99   3.0      4.0      2.5       13.0     15.0     15.0     25.0     -99.0    11.0    0.0
*   05-14 16  01   99   1.5      1.5      2.5       13.0     15.0     15.0     20.0     -99.0     7.0    0.0
30-59 22  16  01   99   3.0      4.0      2.5       13.0     15.0     15.0     25.0     -99.0    11.0    0.0
00-10 23  16  01   99   3.0      4.0      2.5       13.0     15.0     15.0     25.0     -99.0    11.0    0.0
40-59 07  19  01   99   3.0      4.5      2.5       13.0     15.0     15.0     25.0     -99.0    11.0    0.0
*   08-12 19  01   99   3.0      4.5      2.5       13.0     15.0     15.0     25.0     -99.0    11.0    0.0 
40-59 17  19  01   99   3.0      4.5      4.5       13.0     18.0     15.0     25.0     -99.0    12.0    0.0
*   18-21 19  01   99   3.0      4.5      4.5       13.0     18.0     15.0     25.0     -99.0    12.0    0.0
20    02  20  01   99   3.0      4.5      2.5       13.0     15.0     15.0     25.0     -99.0    11.0    0.0
00-50 05  20  01   99   3.0      4.5      2.5       13.0     15.0     15.0     25.0     -99.0    11.0    0.0
30-59 06  20  01   99   3.0      5.0      5.0       13.0     15.0     15.0     25.0     -99.0    11.0    0.0
*   07-13 20  01   99   3.0      5.0      5.0       13.0     15.0     15.0     25.0     -99.0    11.0    0.0
00     14 20  01   99   3.0      5.0      5.0       13.0     15.0     15.0     25.0     -99.0    11.0    0.0
20-59  15 20  01   99   3.0      5.0      5.0       13.0     15.0     15.0     25.0     -99.0    11.0    0.0
*   16-17 20  01   99   3.0      5.0      5.0       13.0     15.0     15.0     25.0     -99.0    11.0    0.0
*   18-23 20  01   99   3.0      4.0      4.0       13.0     15.0     15.0     25.0     -99.0    11.0    0.0
*      00 21  01   99   3.0      4.0      3.0       13.0     15.0     15.0     25.0     -99.0    11.0    0.0
00     01 21  01   99   3.0      4.0      3.0       13.0     15.0     15.0     25.0     -99.0    11.0    0.0
10     01 21  01   99   3.0      4.0      3.0       13.0     15.0     15.0     25.0     -99.0    11.0    0.0
40     01 21  01   99   3.0      4.0      3.0       13.0     15.0     15.0     25.0     -99.0    11.0    0.0
*   02-03 21  01   99   3.0      4.0      3.0       13.0     15.0     15.0     25.0     -99.0    11.0    0.0
00     05 21  01   99   3.0      4.0      3.0       13.0     15.0     15.0     25.0     -99.0    11.0    0.0
30     05 21  01   99   3.0      4.0      3.0       13.0     15.0     15.0     25.0     -99.0    11.0    0.0
10     12 21  01   99   3.0      5.0      3.0       13.0     15.0     15.0     25.0     -99.0    13.0    0.0
*   16-22 21  01   99   3.0      4.0      4.5       13.0     15.0     15.0     25.0     -99.0    11.0    0.0
00     23 21  01   99   3.0      4.0      4.5       13.0     15.0     15.0     25.0     -99.0    11.0    0.0
50     06 22  01   99   3.0      4.0      2.5       13.0     15.0     15.0     25.0     -99.0    11.0    0.0
20-40  07 22  01   99   3.0      4.0      2.5       13.0     15.0     15.0     25.0     -99.0    11.0    0.0
40     08 22  01   99   3.0      4.0      2.5       13.0     15.0     15.0     25.0     -99.0    11.0    0.0
20-30  11 22  01   99   3.0      4.0      2.5       13.0     15.0     15.0     25.0     -99.0    11.0    0.0
00     12 22  01   99   3.0      4.0      2.5       13.0     15.0     15.0     25.0     -99.0    11.0    0.0
*      23 22  01   99   3.0      4.0      2.5       13.0     15.0     15.0     25.0     -99.0    11.0    0.0
*      00 23  01   99   3.0      4.0      2.5       13.0     15.0     15.0     25.0     -99.0    11.0    0.0
20-40  00 23  01   99   3.0      5.0      2.5       13.0     15.0     15.0     25.0     -99.0    11.0    0.0
00-35  01 23  01   99   3.0      4.0      2.5       13.0     15.0     15.0     25.0     -99.0    11.0    0.0
*   03-13 23  01   99   3.0      5.0      3.0       13.0     15.0     15.0     25.0     -99.0    11.0    0.0
40     10 23  01   99   3.0      5.0      3.0       13.0     15.0     15.0     25.0     -99.0    15.0    0.0
00     11 23  01   99   3.0      5.0      3.0       13.0     15.0     15.0     25.0     -99.0    15.0    0.0
*   17-22 23  01   99   3.0      4.0      4.0       13.0     15.0     15.0     25.0     -99.0    11.0    0.0
*   00-02 24  01   99   3.0      4.0      2.5       13.0     15.0     15.0     25.0     -99.0    11.0    0.0
*      03 24  01   99   3.0      4.7      2.5       13.0     15.0     15.0     25.0     -99.0     0.0    0.0
00-10  04 24  01   99   3.0      4.7      2.5       13.0     15.0     15.0     25.0     -99.0     0.0    0.0
*   07-08 24  01   99   3.0      4.0      2.5       13.0     15.0     15.0     25.0     -99.0    11.0    0.0
00-15  09 24  01   99   3.0      4.0      2.5       13.0     15.0     15.0     25.0     -99.0    11.0    0.0
20-30  09 24  01   99   3.0      4.5      2.5       13.0     15.0     15.0     25.0     -99.0    11.0    0.0
40-59  09 24  01   99   3.0      5.0      3.0       99.0     15.0     15.0     25.0     -99.0     7.0    0.0
*   10-12 24  01   99   3.0      5.0      3.0       99.0     15.0     15.0     25.0     -99.0     7.0    0.0
*   17-22 24  01   99   3.0      4.0      2.5       13.0     15.0     15.0     25.0     -99.0    11.0    0.0
*   00-08 25  01   99   5.0      4.0      5.0       13.0     15.0     15.0     25.0     -99.0    11.0    0.0
*   09-10 25  01   99   3.0      4.0      5.0       13.0     15.0     15.0     25.0     -99.0    11.0    0.0
*   11-16 25  01   99   3.0      4.0      3.5       13.0     15.0     15.0     25.0     -99.0    11.0    0.0
*      17 25  01   99   5.0      4.0      5.0       13.0     15.0     15.0     25.0     -99.0    11.0    0.0
00     18 25  01   99   5.0      4.0      5.0       13.0     15.0     15.0     25.0     -99.0    11.0    0.0
*   19-23 25  01   99   3.0      4.0      4.0       13.0     15.0     15.0     25.0     -99.0    11.0    0.0
*   00-01 26  01   99   5.0      4.0      5.0       13.0     15.0     15.0     25.0     -99.0    11.0    0.0
*   02-13 26  01   99   3.0      4.0      5.0       13.0     15.0     15.0     25.0     -99.0    11.0    0.0
*   14-17 26  01   99   5.0      4.0      5.0       13.0     15.0     15.0     25.0     -99.0    11.0    0.0
*   18-20 26  01   99   3.0      4.0      5.0       13.0     15.0     15.0     25.0     -99.0    11.0    0.0
*   21-23 26  01   99   3.0      4.0      3.5       13.0     15.0     15.0     25.0     -99.0    11.0    0.0
20     21 26  01   99   3.0      3.0      2.5       13.0     15.0     15.0     25.0     -99.0     7.0    0.0
*   01-10 27  01   99   5.0      4.5      3.5       13.0     15.0     15.0     25.0     -99.0    11.0    0.0
*   11    27  01   99   3.0      3.0      2.5       99.0     15.0     15.0     25.0     -99.0     7.0    0.0
40-59  08 28  01   99   3.0      4.0      2.5       13.0     15.0     15.0     25.0     -99.0    11.0    0.0
00-40  09 28  01   99   3.0      4.0      2.5       13.0     15.0     15.0     25.0     -99.0    11.0    0.0
*   16-23 28  01   99   3.0      4.0      3.0       13.0     15.0     15.0     25.0     -99.0    11.0    0.0
*      00 29  01   99   3.0      4.0      3.0       13.0     15.0     15.0     25.0     -99.0    11.0    0.0
20-59  10 29  01   99   3.0      4.5      2.5       13.0     15.0     15.0     25.0     -99.0    11.0    0.0
00-50  11 29  01   99   3.0      4.5      2.5       13.0     15.0     15.0     25.0     -99.0    11.0    0.0
40-59  14 29  01   99   3.0      4.0      3.0       13.0     15.0     15.0     25.0     -99.0    11.0    0.0
*   15-23 29  01   99   3.0      4.0      3.0       13.0     15.0     15.0     25.0     -99.0    11.0    0.0
*   04-10 30  01   99   3.0      4.0      3.0       13.0     15.0     15.0     25.0     -99.0    11.0    0.0
*   20-23 30  01   99   3.0      4.0      3.0       13.0     15.0     15.0     25.0     -99.0    11.0    0.0
*   01-06 31  01   99   3.0      4.0      3.0       99.0     15.0     15.0     25.0     -99.0    11.0    0.0
00-30  07 31  01   99   3.0      4.0      3.0       99.0     15.0     15.0     25.0     -99.0    11.0    0.0
50     07 31  01   99   3.0      4.0      3.0       13.0     15.0     15.0     25.0     -99.0    11.0    0.0
*   08-13 31  01   99   3.0      4.0      3.0       13.0     15.0     15.0     25.0     -99.0    11.0    0.0
30-59  16 31  01   99   3.0      3.0      3.0       13.0     15.0     15.0     20.0     -99.0     5.0    0.0
*   17-18 31  01   99   3.0      3.0      3.0       13.0     15.0     15.0     20.0     -99.0     5.0    0.0
00-20  19 31  01   99   1.0      1.5      1.5        5.0      5.0     15.0     10.0     -99.0     7.0    0.0
30     19 31  01   99   3.0      3.0      3.0       13.0     15.0     15.0     20.0     -99.0     5.0    0.0
40-59  19 31  01   99   3.0      4.0      3.0       13.0     15.0     15.0     25.0     -99.0    11.0    0.0
*      20 31  01   99   3.0      4.0      3.0       13.0     15.0     15.0     25.0     -99.0    11.0    0.0
00-15  21 31  01   99   3.0      4.0      3.0       13.0     15.0     15.0     25.0     -99.0    11.0    0.0
20-59  21 31  01   99   4.0      4.5      5.0       13.0     15.0     15.0     25.0     -99.0    12.0    0.0
*   22-23 31  01   99   4.0      4.5      5.0       13.0     15.0     15.0     25.0     -99.0    12.0    0.0
