# QC PARAMETERS	TABLE
# SITE: DARW

# Add line(s) to the end of this table to complement or override those
# QC parameters specified on previous lines of the table.
#
# Use '#' as the 1st character of a comment line.
#
# The QC parameters applied to a radar volume scan are found via a
# bottom_to_top table search for a match between the VOS date/time and a
# table entry date/time.



#min hour day mon year hThresh1 hThresh2 hThresh3 zThresh0 zThresh1 zThresh2 zThresh3 hFreeze dbzNoise zCalibr
#--------------------------------------------------------------------------------------------------------------
 *    *    *    *   *   3.0      2.0      3.0       13.0     13.0     18.0     20.0     -99.0     0.0    0.0
#AP near radar...not too deep
32-33 12   25  11  95   1.5      4.0      3.0       10.0     10.0     18.0     30.0     -99.0     0.0    0.0
#Clutter near radar...no precip nearby
10-15 20   25  11  95   1.5      2.5      3.0       50.0     50.0     18.0     30.0     -99.0     0.0    0.0
#Radial spike w/o precip
21-49 22   25  11  95   1.5      2.5      3.0       25.0     25.0     18.0     30.0     -99.0     0.0    0.0
#Small speck of strong clutter...some precip, but not too close to radar
 7-14  8   27  11  95   1.5      5.5      3.0       10.0     10.0     18.0     30.0     -99.0     0.0    0.0
#AP near radar (not too deep) w/ precip nearby
18-59 17   27  11  95   1.5      3.5      3.0       10.0     10.0     18.0     30.0     -99.0     0.0    0.0
 1-30 18   27  11  95   1.5      3.5      3.0       10.0     10.0     18.0     30.0     -99.0     0.0    0.0
#Small speck of strong clutter...some precip, but not too close to radar
14-20  6   28  11  95   1.5      4.5      3.0       10.0     10.0     18.0     30.0     -99.0     0.0    0.0
#AP near radar (not too deep)
39-57 18   28  11  95   1.5      3.5      3.0       10.0     10.0     18.0     30.0     -99.0     0.0    0.0
# Example: Hours 6pm to midnight of the 1st 16 days of months Jan thru Mar of 1992
 *  18-23 1-16 1-3  92  1.5      2.5      2.0        5.0      5.0     18.0     30.0     -99.0     0.0    0.0
# moderate-to-intense AP remaining along with precip of all intensities
*      00  27  11  97    3.0      2.0      3.0       13.0     13.0     18.0     20.0     -99.0    13.0    0.0
00-10  01  27  11  97    3.0      2.0      3.0       13.0     13.0     18.0     20.0     -99.0    13.0    0.0
11-22  01  27  11  97    1.5      1.6      3.0       13.0     13.0     18.0     20.0     -99.0    13.0    0.0
# AP remaining
43-59  08  29  11  97    3.0      5.4      3.0       13.0     13.0     18.0     20.0     -99.0     0.0    0.0
00-10  09  29  11  97    3.0      5.4      3.0       13.0     13.0     18.0     20.0     -99.0     0.0    0.0
07-10  12  29  11  97    3.0      5.5      3.0       13.0     13.0     18.0     20.0     -99.0     0.0    0.0
30-59  16  29  11  97    3.0      5.5      3.0       13.0     13.0     18.0     20.0     -99.0     9.0    0.0
00-10  17  29  11  97    3.0      5.5      3.0       13.0     13.0     18.0     20.0     -99.0     9.0    0.0
43-59  21  29  11  97    3.0      5.5      3.0       13.0     13.0     18.0     20.0     -99.0     9.0    0.0
00-10  22  29  11  97    3.0      5.5      3.0       13.0     13.0     18.0     20.0     -99.0     9.0    0.0
46-50  10  30  11  97    3.0      5.5      3.0       13.0     13.0     18.0     20.0     -99.0     0.0    0.0
35-59  13  30  11  97    3.0      5.5      3.0       13.0     13.0     18.0     20.0     -99.0    11.0    0.0
*   14-21  30  11  97    3.0      5.5      3.0       13.0     13.0     18.0     20.0     -99.0    11.0    0.0
00-26  22  30  11  97    3.0      5.5      3.0       13.0     13.0     18.0     20.0     -99.0    11.0    0.0
46-50  04  01  12  97    3.0      5.5      3.0       13.0     13.0     18.0     20.0     -99.0     0.0    0.0
10-14  05  01  12  97    3.0      5.5      3.0       13.0     13.0     18.0     20.0     -99.0     0.0    0.0
# holes and gaps in precip
22-59  06  01  12  97    1.5      2.0      3.0       13.0     13.0     18.0     20.0     -99.0     0.0    0.0
*      07  01  12  97    1.5      2.0      3.0       13.0     13.0     18.0     20.0     -99.0     0.0    0.0
00-26  08  01  12  97    1.5      2.0      3.0       13.0     13.0     18.0     20.0     -99.0     0.0    0.0
# AP remaining
*      09  02  12  97    3.0      5.5      3.0       13.0     13.0     18.0     20.0     -99.0    11.0    0.0
00-15  10  02  12  97    3.0      5.5      3.0       13.0     13.0     18.0     20.0     -99.0    11.0    0.0
46-59  10  02  12  97    3.0      5.5      3.0       13.0     13.0     18.0     20.0     -99.0    10.0    0.0
*      11  02  12  97    3.0      5.5      3.0       13.0     13.0     18.0     20.0     -99.0    10.0    0.0
00-38  12  02  12  97    3.0      5.5      3.0       13.0     13.0     18.0     20.0     -99.0    10.0    0.0
10-50  13  02  12  97    3.0      5.5      3.0       13.0     13.0     18.0     20.0     -99.0    10.0    0.0
46-59  14  02  12  97    3.0      5.5      3.0       13.0     13.0     18.0     20.0     -99.0    11.0    0.0
*   15-16  02  12  97    3.0      5.5      3.0       13.0     13.0     18.0     20.0     -99.0    11.0    0.0
00-26  17  02  12  97    3.0      5.5      3.0       13.0     13.0     18.0     20.0     -99.0    11.0    0.0
46-50  17  02  12  97    3.0      5.5      3.0       13.0     13.0     18.0     20.0     -99.0    10.0    0.0
46-50  17  02  12  97    3.0      5.5      3.0       13.0     13.0     18.0     20.0     -99.0    10.0    0.0
46-50  17  02  12  97    3.0      5.5      3.0       13.0     13.0     18.0     20.0     -99.0    10.0    0.0
46-50  17  02  12  97    3.0      5.5      3.0       13.0     13.0     18.0     20.0     -99.0    10.0    0.0
10-45  20  02  12  97    3.0      5.5      3.0       13.0     13.0     18.0     20.0     -99.0     9.0    0.0
46-59  20  02  12  97    3.0      5.5      3.0       13.0     13.0     18.0     20.0     -99.0    13.0    0.0
00-38  21  02  12  97    3.0      5.5      3.0       13.0     13.0     18.0     20.0     -99.0     9.0    0.0
# Ground Clutter specks near radar
00-36  01  03  12  97    2.5      2.0      3.0       13.0     13.0     18.0     20.0     -99.0     0.0    0.0
48     06  03  12  97    1.5      7.0      3.0       10.0     10.0     18.0     30.0     -99.0     0.0    0.0
00     07  03  12  97    1.5      7.0      3.0       10.0     10.0     18.0     30.0     -99.0     0.0    0.0
# AP remaining
48     14  03  12  97    3.0      5.5      3.0       13.0     13.0     18.0     20.0     -99.0     0.0    0.0
# AP remaining with clutter specks near radar.
48-59  15  03  12  97    1.5      5.0      3.0       10.0     10.0     18.0     30.0     -99.0     5.0    0.0
*      16  03  12  97    1.5      5.0      3.0       10.0     10.0     18.0     30.0     -99.0     5.0    0.0
00-12  17  03  12  97    1.5      5.0      3.0       10.0     10.0     18.0     30.0     -99.0     5.0    0.0
24-59  17  03  12  97    1.5      7.0      3.0       10.0     10.0     18.0     30.0     -99.0     0.0    0.0
00-12  18  03  12  97    1.5      7.0      3.0       10.0     10.0     18.0     30.0     -99.0     0.0    0.0
48     19  03  12  97    1.5      4.5      3.0       10.0     10.0     18.0     30.0     -99.0     0.0    0.0
# AP remaining
24-59  21  03  12  97    1.5      4.5      3.0       13.0     13.0     18.0     20.0     -99.0    10.0    0.0
00-36  22  03  12  97    1.5      4.5      3.0       13.0     13.0     18.0     20.0     -99.0    10.0    0.0
# Ground Clutter specks near radar
12     03  04  12  97    1.5      5.5      3.0       13.0     13.0     18.0     20.0     -99.0     0.0    0.0
24     03  04  12  97    1.5      3.5      3.0        5.0      5.0     18.0     20.0     -99.0     0.0    0.0
24     06  04  12  97    1.5      6.0      3.0       10.0     10.0     18.0     20.0     -99.0     0.0    0.0
# Light showers removed by default params
*   10-13  04  12  97    1.5      1.0      3.0      -99.0     13.0      8.0      1.0     -99.0     0.0    0.0
48     14  04  12  97    1.5      1.0      3.0      -99.0     13.0      8.0      1.0     -99.0     0.0    0.0
*   15-16  04  12  97    1.5      1.0      3.0      -99.0     13.0      8.0      1.0     -99.0     0.0    0.0
00     17  04  12  97    1.5      1.0      3.0      -99.0     13.0      8.0      1.0     -99.0     0.0    0.0
# Ground Clutter specks near radar
00     20  04  12  97    1.5      6.0      3.0       13.0     13.0     18.0     20.0     -99.0     0.0    0.0
# AP embedded in lighter precip
28-59  04  05  12  97    3.0      4.0      3.0       13.0     13.0     18.0     20.0     -99.0     10.0   0.0
*      05  05  12  97    3.0      4.0      3.0       13.0     13.0     18.0     20.0     -99.0     10.0   0.0 
06-59  08  05  12  97    3.0      4.0      3.0       13.0     13.0     18.0     20.0     -99.0     10.0   0.0 
*   09-11  05  12  97    3.0      4.0      3.0       13.0     13.0     18.0     20.0     -99.0     10.0   0.0 
00-32  12  05  12  97    3.0      4.0      3.0       13.0     13.0     18.0     20.0     -99.0     10.0   0.0 
20-59  13  05  12  97    3.0      4.0      3.0       13.0     13.0     18.0     20.0     -99.0     10.0   0.0 
*   14-16  05  12  97    3.0      4.0      3.0       13.0     13.0     18.0     20.0     -99.0     10.0   0.0 
00-34  17  05  12  97    3.0      4.0      3.0       13.0     13.0     18.0     20.0     -99.0     10.0   0.0 
*      19  05  12  97    3.0      4.5      3.0       13.0     13.0     18.0     20.0     -99.0     12.0   0.0
*   20-22  05  12  97    3.0      4.0      3.0       13.0     13.0     18.0     20.0     -99.0     12.0   0.0
# AP remaining
47-59  04  06  12  97    3.0      5.5      3.0       13.0     13.0     18.0     20.0     -99.0     10.0   0.0
*      05  06  12  97    3.0      5.5      3.0       13.0     13.0     18.0     20.0     -99.0     10.0   0.0
00-14  06  06  12  97    3.0      5.5      3.0       13.0     13.0     18.0     20.0     -99.0     10.0   0.0 
35-59  09  06  12  97    3.0      4.6      3.0       13.0     13.0     80.0     20.0     -99.0      0.0   0.0
00-02  10  06  12  97    3.0      4.6      3.0       13.0     13.0     80.0     20.0     -99.0      9.0   0.0
03-59  10  06  12  97    3.0      4.2      3.0       13.0     13.0     18.0     20.0     -99.0      9.0   0.0
*      11  06  12  97    3.0      4.2      3.0       13.0     13.0     18.0     20.0     -99.0      9.0   0.0
00-25  12  06  12  97    3.0      4.2      3.0       13.0     13.0     18.0     20.0     -99.0      9.0   0.0
28-59  12  06  12  97    3.0      6.3      3.0       13.0     13.0     18.0     20.0     -99.0      0.0   0.0
00-02  13  06  12  97    3.0      6.3      3.0       13.0     13.0     18.0     20.0     -99.0      0.0   0.0
47-59  14  06  12  97    3.0      5.3      3.0       13.0     13.0     18.0     20.0     -99.0      4.0   0.0
00-38  15  06  12  97    3.0      5.3      3.0       13.0     13.0     18.0     20.0     -99.0      4.0   0.0
47-59  16  06  12  97    3.0      5.0      3.0       13.0     13.0     18.0     20.0     -99.0      3.0   0.0
00-02  17  06  12  97    3.0      5.0      3.0       13.0     13.0     18.0     20.0     -99.0      3.0   0.0
35-59  18  06  12  97    3.0      5.5      3.0       13.0     13.0     18.0     20.0     -99.0      5.0   0.0 
*   19-20  06  12  97    3.0      5.5      3.0       13.0     13.0     18.0     20.0     -99.0      5.0   0.0
00-46  21  06  12  97    3.0      5.5      3.0       13.0     13.0     18.0     20.0     -99.0      5.0   0.0
47-59  21  06  12  97    3.0      5.8      3.0       13.0     13.0     18.0     20.0     -99.0      5.0   0.0
00-02  22  06  12  97    3.0      5.8      3.0       13.0     13.0     18.0     20.0     -99.0      5.0   0.0
03-38  22  06  12  97    3.0      5.5      3.0       13.0     13.0     18.0     20.0     -99.0      5.0   0.0
# removal of light precip
22-59  10  07  12  97    1.5      1.0      3.0      -99.0     13.0      8.0      1.0     -99.0      0.0   0.0
*      11  07  12  97    1.5      1.0      3.0      -99.0     13.0      8.0      1.0     -99.0      0.0   0.0
00-26  12  07  12  97    1.5      1.0      3.0      -99.0     13.0      8.0      1.0     -99.0      0.0   0.0
# AP remaining
*      08  09  12  97    3.0      5.5      3.0       13.0     13.0     18.0     20.0     -99.0      8.0   0.0
00-08  09  09  12  97    3.0      5.5      3.0       13.0     13.0     18.0     20.0     -99.0      8.0   0.0
17-32  09  09  12  97    3.3      2.0      5.9       13.0     13.0     18.0     20.0     -99.0      0.0   0.0
40-44  17  09  12  97    3.0      5.5      3.0       13.0     13.0     18.0     20.0     -99.0      6.0   0.0
53-59  21  09  12  97    3.0      5.5      3.0       13.0     13.0     18.0     20.0     -99.0      8.0   0.0
*      22  09  12  97    3.0      5.5      3.0       13.0     13.0     18.0     20.0     -99.0      8.0   0.0
00-08  23  09  12  97    3.0      5.5      3.0       13.0     13.0     18.0     20.0     -99.0      8.0   0.0
29-59  06  10  12  97    3.0      5.5      3.0       13.0     13.0     18.0     20.0     -99.0      8.0   0.0
00-20  06  10  12  97    3.0      5.5      3.0       13.0     13.0     18.0     20.0     -99.0      8.0   0.0
*      10  10  12  97    3.0      5.5      3.0       13.0     13.0     18.0     20.0     -99.0      8.0   0.0
00-32  11  10  12  97    3.0      5.5      3.0       13.0     13.0     18.0     20.0     -99.0      8.0   0.0
52-59  11  10  12  97    3.0      5.5      3.0       13.0     13.0     18.0     20.0     -99.0      8.0   0.0
00-08  12  10  12  97    3.0      5.5      3.0       13.0     13.0     18.0     20.0     -99.0      8.0   0.0
28-59  17  10  12  97    3.0      5.5      3.0       13.0     13.0     18.0     20.0     -99.0      3.0   0.0
*      18  10  12  97    3.0      5.5      3.0       13.0     13.0     18.0     20.0     -99.0      3.0   0.0
00-08  19  10  12  97    3.0      5.5      3.0       13.0     13.0     18.0     20.0     -99.0      3.0   0.0
16-59  19  10  12  97    3.0      5.5      3.0       13.0     13.0     18.0     20.0     -99.0      6.0   0.0
*      20  10  12  97    3.0      5.5      3.0       13.0     13.0     18.0     20.0     -99.0      6.0   0.0
28-59  21  10  12  97    3.0      5.5      3.0       13.0     13.0     18.0     20.0     -99.0      2.0   0.0
00-40  22  10  12  97    3.0      5.5      3.0       13.0     13.0     18.0     20.0     -99.0      2.0   0.0
41-59  22  10  12  97    3.0      5.5      3.0       13.0     13.0     18.0     20.0     -99.0      8.0   0.0
00-08  23  10  12  97    3.0      5.5      3.0       13.0     13.0     18.0     20.0     -99.0      2.0   0.0
29-59  04  11  12  97    3.0      5.5      3.0       13.0     13.0     18.0     20.0     -99.0      9.0   0.0
*      05  11  12  97    3.0      5.5      3.0       13.0     13.0     18.0     20.0     -99.0      9.0   0.0
29-43  12  11  12  97    3.0      5.7      3.0       13.0     13.0     18.0     20.0     -99.0      8.0   0.0
28-59  14  11  12  97    3.0      5.5      3.0       13.0     13.0     18.0     20.0     -99.0      7.0   0.0
*      15  11  12  97    3.0      5.5      3.0       13.0     13.0     18.0     20.0     -99.0      7.0   0.0
05-20  16  11  12  97    3.0      5.5      3.0       13.0     13.0     18.0     20.0     -99.0      6.0   0.0
53-59  16  11  12  97    3.0      4.7      3.0       13.0     13.0     18.0     20.0     -99.0      3.0   0.0
*      17  11  12  97    3.0      4.7      3.0       13.0     13.0     18.0     20.0     -99.0      3.0   0.0
47-54  02  12  12  97    3.0      5.5      3.0       13.0     13.0     18.0     20.0     -99.0      2.0   0.0
*   03-05  12  12  97    3.0      5.5      3.0       13.0     13.0     18.0     20.0     -99.0      6.0   0.0
36     04  12  12  97    3.0      4.5      3.0       13.0     13.0     18.0     20.0     -99.0      8.0   0.0
*      06  12  12  97    3.0      4.5      3.0       13.0     13.0     18.0     20.0     -99.0     12.0   0.0
25     06  12  12  97    3.0      4.5      3.0       13.0     13.0     18.0     20.0     -99.0      8.0   0.0
54     12  12  12  97    3.0      5.5      3.0       13.0     13.0     18.0     20.0     -99.0     12.0   0.0
*   13-16  12  12  97    3.0      5.5      3.0       13.0     13.0     18.0     20.0     -99.0     12.0   0.0
00-42  17  12  12  97    3.0      5.5      3.0       13.0     13.0     18.0     20.0     -99.0     12.0   0.0
*   20-21  12  12  97    3.0      5.5      3.0       13.0     13.0     18.0     20.0     -99.0     12.0   0.0
00-31  22  12  12  97    3.0      5.5      3.0       13.0     13.0     18.0     20.0     -99.0     12.0   0.0
00-36  11  13  12  97    3.0      4.5      3.0       13.0     13.0     18.0     20.0     -99.0     12.0   0.0
48     11  13  12  97    3.0      5.0      3.0       13.0     13.0     18.0     20.0     -99.0     12.0   0.0
00-12  12  13  12  97    3.0      5.0      3.0       13.0     13.0     18.0     20.0     -99.0     12.0   0.0
24     12  13  12  97    3.0      5.5      3.0       13.0     13.0     18.0     20.0     -99.0     12.0   0.0
36-59  12  13  12  97    3.0      5.0      3.0       13.0     13.0     18.0     20.0     -99.0     12.0   0.0
00-26  13  13  12  97    3.0      5.0      3.0       13.0     13.0     18.0     20.0     -99.0     12.0   0.0
37     13  13  12  97    3.0      4.5      3.0       13.0     13.0     18.0     20.0     -99.0     12.0   0.0
*   16-19  13  12  97    3.0      4.5      3.0       13.0     13.0     18.0     20.0     -99.0     12.0   0.0
54     04  14  12  97    3.0      4.5      3.0       13.0     13.0     18.0     20.0     -99.0      6.0   0.0
31     05  14  12  97    3.0      4.5      3.0       13.0     13.0     18.0     20.0     -99.0      6.0   0.0
*   21-22  15  12  97    3.0      3.0      3.0       13.0     13.0     18.0     20.0     -99.0     12.0   0.0
16     21  15  12  97    3.0      3.0      3.2       13.0     13.0     18.0     20.0     -99.0     12.0   0.0
05-17  22  15  12  97    3.0      3.0      3.2       13.0     13.0     18.0     20.0     -99.0     12.0   0.0
21     00  16  12  97    1.5      2.0      3.0       13.0     13.0     18.0     30.0     -99.0      0.0   0.0
46-59  01  16  12  97    3.0      4.0      3.0       13.0     13.0     18.0     20.0     -99.0      8.0   0.0
00-36  02  16  12  97    3.0      4.0      3.0       13.0     13.0     18.0     20.0     -99.0      8.0   0.0
36-59  10  16  12  97    3.0      3.0      3.0       13.0     13.0     18.0     20.0     -99.0     10.0   0.0
*      11  16  12  97    3.0      3.0      3.0       13.0     13.0     18.0     20.0     -99.0     10.0   0.0
00-37  12  16  12  97    3.0      3.0      3.0       13.0     13.0     18.0     20.0     -99.0     10.0   0.0
38-59  12  16  12  97    3.0      4.5      3.0       13.0     13.0     18.0     20.0     -99.0      3.0   0.0
00-12  13  16  12  97    3.0      4.5      3.0       13.0     13.0     18.0     20.0     -99.0      3.0   0.0
00     14  16  12  97    3.0      4.5      3.0       13.0     13.0     18.0     20.0     -99.0     12.0   0.0
24     16  16  12  97    3.0      4.5      3.0       13.0     13.0     18.0     20.0     -99.0      6.0   0.0
36     16  16  12  97    3.0      4.5      3.0       13.0     13.0     18.0     20.0     -99.0      5.0   0.0
00-13  17  16  12  97    3.0      4.5      3.0       13.0     13.0     18.0     20.0     -99.0      0.0   0.0
24-25  17  16  12  97    3.0      4.0      3.0       13.0     13.0     18.0     20.0     -99.0      0.0   0.0
48     17  16  12  97    3.0      4.0      3.0       13.0     13.0     18.0     20.0     -99.0      7.0   0.0
*      18  16  12  97    3.0      4.0      3.0       13.0     13.0     18.0     20.0     -99.0      7.0   0.0
12-24  18  16  12  97    3.0      4.0      3.0       13.0     13.0     18.0     20.0     -99.0      9.0   0.0
*   19-20  16  12  97    3.0      3.5      3.0       13.0     13.0     18.0     20.0     -99.0      7.0   0.0
00     03  17  12  97    3.0      4.5      3.0       13.0     13.0     18.0     20.0     -99.0      3.0   0.0
24     03  17  12  97    3.0      4.5      3.0       13.0     13.0     18.0     20.0     -99.0      3.0   0.0
36     03  17  12  97    3.0      4.5      3.0       13.0     13.0     18.0     20.0     -99.0      3.0   0.0
12-36  06  17  12  97    3.0      4.5      3.0       13.0     13.0     18.0     20.0     -99.0      3.0   0.0
# Intense AP to NW w/ heavy preicip nearby...Z1 helped immensely in this case
24     06  19  12  97    3.0      3.5      3.0       13.0     17.0     18.0     20.0     -99.0      0.0   0.0
36     06  19  12  97    3.0      3.5      3.0       13.0     20.0     18.0     20.0     -99.0      0.0   0.0
48     06  19  12  97    3.0      3.5      3.0       13.0     17.0     18.0     20.0     -99.0      0.0   0.0
# More 'normal' AP to NW w/o precip nearby
12-24  07  19  12  97    3.0      4.0      3.0       13.0     13.0     18.0     20.0     -99.0     10.0   0.0
36     07  19  12  97    3.0      3.5      3.0       13.0     13.0     18.0     20.0     -99.0     10.0   0.0
24     08  19  12  97    3.0      3.5      3.0       13.0     13.0     18.0     20.0     -99.0      7.0   0.0
48     17  19  12  97    3.0      3.5      3.0       13.0     13.0     18.0     20.0     -99.0      7.0   0.0
*      18  19  12  97    3.0      3.5      3.0       13.0     13.0     18.0     20.0     -99.0      7.0   0.0
36     18  19  12  97    3.0      3.5      3.0       13.0     13.0     18.0     20.0     -99.0     12.0   0.0
00-12  19  19  12  97    3.0      3.5      3.0       13.0     13.0     18.0     20.0     -99.0      7.0   0.0
*   20-22  19  12  97    3.0      3.5      3.0       13.0     13.0     18.0     20.0     -99.0     10.0   0.0
36-48  23  19  12  97    3.0      3.5      3.0       13.0     13.0     18.0     20.0     -99.0     10.0   0.0
# Clutter specks with precip nearby
00     03  20  12  97    3.0      2.0      3.0       13.0     25.0     18.0     40.0     -99.0      0.0   0.0
00     04  20  12  97    3.0      2.0      3.0       13.0     25.0     18.0     40.0     -99.0      0.0   0.0
36     04  20  12  97    3.0      3.5      3.0       13.0     13.0     18.0     20.0     -99.0      0.0   0.0
00     12  20  12  97    3.0      3.5      3.0       13.0     13.0     18.0     20.0     -99.0      0.0   0.0
12     12  20  12  97    3.0      9.0      3.0       13.0     13.0     18.0     20.0     -99.0      0.0   0.0
36     19  20  12  97    3.0      5.0      3.0       13.0     13.0     18.0      0.0     -99.0      0.0   0.0
48     19  20  12  97    3.0      6.0      3.0       13.0     13.0     18.0      0.0     -99.0      0.0   0.0 
00     20  20  12  97    3.0      6.0      3.0       13.0     13.0     18.0      0.0     -99.0      0.0   0.0 
12     20  20  12  97    3.0      5.0      3.0       10.0     13.0     18.0      0.0     -99.0      0.0   0.0 
# Second trip echo with precip nearby
24     12  20  12  97    3.0      9.0      3.0       13.0     13.0     18.0     20.0     -99.0      0.0   0.0
00-24  11  20  12  97    3.0      7.0      3.0       10.0     10.0     18.0     20.0     -99.0      0.0   0.0
24     13  20  12  97    3.0      9.0      3.0       13.0     13.0     18.0     20.0     -99.0      0.0   0.0
48     13  20  12  97    3.0      9.0      3.0       13.0     13.0     18.0     20.0     -99.0     20.0   0.0
00     14  20  12  97    3.0      9.0      3.0       13.0     13.0     18.0     20.0     -99.0      0.0   0.0
48     15  20  12  97    3.0      9.0      3.0       13.0     13.0     18.0     20.0     -99.0     20.0   0.0
# moderate AP NW of radar with precip nearby
11-25  08  21  12  97    3.0      5.0      3.0       13.0     13.0     18.0     20.0     -99.0      0.0   0.0
47-49  08  21  12  97    3.0      3.0      3.0       13.0     13.0     18.0     20.0     -99.0     15.0   0.0
# moderate-to-intense AP remaining
*      10  21  12  97    3.0      5.0      3.0       13.0     13.0     18.0     20.0     -99.0     14.0   0.0
00-25  11  21  12  97    3.0      5.0      3.0       13.0     13.0     18.0     20.0     -99.0     14.0   0.0
47-59  11  21  12  97    3.0      5.8      3.0       13.0     13.0     18.0     20.0     -99.0     17.0   0.0
*      12  21  12  97    3.0      5.8      3.0       13.0     13.0     18.0     20.0     -99.0     17.0   0.0
00-46  13  21  12  97    3.0      5.8      3.0       13.0     13.0     18.0     20.0     -99.0     17.0   0.0
47-59  13  21  12  97    3.0      5.8      3.0       13.0     13.0     18.0     20.0     -99.0     20.0   0.0
*      14  21  12  97    3.0      5.8      3.0       13.0     13.0     18.0     20.0     -99.0     17.0   0.0
00-02  15  21  12  97    3.0      5.8      3.0       13.0     13.0     18.0     20.0     -99.0     18.0   0.0
03-59  15  21  12  97    3.0      5.8      3.0       13.0     13.0     18.0     20.0     -99.0     17.0   0.0
*   16-22  21  12  97    3.0      5.8      3.0       13.0     13.0     18.0     20.0     -99.0     17.0   0.0
*      05  22  12  97    3.0      4.5      3.0       13.0     13.0     18.0     20.0     -99.0      0.0   0.0
*      06  22  12  97    3.0      4.5      3.0       13.0     13.0     18.0     20.0     -99.0     12.0   0.0
*   08-09  22  12  97    3.0      4.5      3.0       13.0     13.0     18.0     20.0     -99.0      3.0   0.0
24     08  22  12  97    3.0      4.0      3.0       13.0     13.0     18.0     20.0     -99.0      2.0   0.0
*   16-18  22  12  97    3.0      4.5      3.0       13.0     13.0     18.0     20.0     -99.0      3.0   0.0
36-48  17  22  12  97    3.0      4.5      3.0       13.0     13.0     18.0     20.0     -99.0     10.0   0.0
12-24  18  22  12  97    3.0      4.5      3.0       13.0     13.0     18.0     20.0     -99.0     10.0   0.0
00     19  22  12  97    3.0      4.5      3.0       13.0     13.0     18.0     20.0     -99.0      3.0   0.0
# light AP to SE
36-48  05  23  12  97    3.0      3.5      3.0       13.0     13.0     18.0     20.0     -99.0     13.0   0.0
00     07  23  12  97    3.0      4.5      3.0       13.0     13.0     18.0     20.0     -99.0      8.0   0.0
# AP...sometimes intense
24     08  23  12  97    3.0      4.5      3.0       13.0     13.0     18.0     20.0     -99.0      0.0   0.0
36-59  08  23  12  97    3.0      4.5      3.0       13.0     13.0     18.0     20.0     -99.0     11.0   0.0
*   09-12  23  12  97    3.0      4.5      3.0       13.0     13.0     18.0     20.0     -99.0     11.0   0.0
12     09  23  12  97    3.0      4.5      3.0       13.0     13.0     18.0     20.0     -99.0     14.0   0.0
12-24  10  23  12  97    3.0      4.5      3.0       13.0     13.0     18.0     20.0     -99.0     13.0   0.0
24-36  11  23  12  97    3.0      4.5      3.0       13.0     13.0     18.0     20.0     -99.0     14.0   0.0
36-48  12  23  12  97    3.0      4.5      3.0       13.0     13.0     18.0     20.0     -99.0     14.0   0.0
00-36  14  23  12  97    3.0      4.5      3.0       13.0     13.0     18.0     20.0     -99.0      7.0   0.0
48     14  23  12  97    3.0      4.5      3.0       13.0     13.0     18.0     20.0     -99.0     15.0   0.0
*      15  23  12  97    3.0      4.5      3.0       13.0     13.0     18.0     20.0     -99.0     15.0   0.0
*   16-17  23  12  97    3.0      4.5      3.0       13.0     13.0     18.0     20.0     -99.0     17.0   0.0
24     17  23  12  97    3.0      4.5      3.0       13.0     13.0     18.0     20.0     -99.0     20.0   0.0 
*      18  23  12  97    3.0      4.5      3.0       13.0     13.0     18.0     20.0     -99.0     15.0   0.0
36-48  18  23  12  97    3.0      4.5      3.0       13.0     13.0     18.0     20.0     -99.0     11.0   0.0
# Lighter AP 
*      21  23  12  97    3.0      4.5      3.0       13.0     13.0     18.0     20.0     -99.0      5.0   0.0
# AP to N and NW as precip moves near
24-48  23  23  12  97    3.0      4.5      3.0       13.0     13.0     18.0     20.0     -99.0      7.0   0.0
# Precip in upper tilts eliminated...move H3 down to 1.0 to fix this problem
*   03-06  24  12  97    3.0      2.0      1.0       13.0     13.0     18.0     20.0     -99.0     0.0    0.0
*      * 25-26 12  97    3.0      2.0      1.0       13.0     13.0     18.0     20.0     -99.0     0.0    0.0
# AP specks/splotches embedded in light precip aloft
12    00   25  12  97    3.0      2.0      1.0       13.0     13.0     18.0     20.0     -99.0    15.0    0.0 
48    00   25  12  97    3.0      2.0      1.0       13.0     13.0     18.0     20.0     -99.0    15.0    0.0
00    01   25  12  97    3.0      2.0      1.0       13.0     13.0     18.0     20.0     -99.0    14.0    0.0 
12    02   25  12  97    3.0      5.5      1.0       13.0     13.0     18.0     20.0     -99.0     3.0    0.0
# Various locations/intensities of clutter specks
*  00-01   26  12  97    3.0      2.0      1.0       13.0     16.0     18.0     20.0     -99.0     0.0    0.0
00    02   26  12  97    3.0      2.0      1.0       13.0     16.0     18.0     20.0     -99.0     0.0    0.0
# Intense strip of clutter from NW islands
24-59 05   26  12  97    3.0      4.5      1.0       13.0     14.0     18.0     20.0     -99.0     6.0    0.0
*     06   26  12  97    3.0      4.5      1.0       13.0     14.0     18.0     20.0     -99.0     6.0    0.0
36-48 06   26  12  97    3.0      4.5      1.0       13.0     14.0     18.0     20.0     -99.0     9.0    0.0
00    07   26  12  97    3.0      4.5      1.0       13.0     14.0     18.0     20.0     -99.0     6.0    0.0
00    10   26  12  97    3.0      4.5      1.0       13.0     14.0     18.0     20.0     -99.0     6.0    0.0
24-36 10   26  12  97    3.0      4.5      1.0       13.0     14.0     18.0     20.0     -99.0     6.0    0.0
# weak/moderate/intense AP remaining
*     07   01  01  98    3.0      2.0      3.0       13.0     16.0     18.0     20.0     -99.0    17.0    0.0
00-01 08   01  01  98    3.0      2.0      3.0       13.0     20.0     18.0     20.0     -99.0    17.0    0.0
# removal of light precipitation
23-59 08   01  01  98    2.0      2.2      3.0       13.0     13.0     18.0     16.0     -99.0    15.0    0.0
00-25 09   01  01  98    2.0      2.2      3.0       13.0     13.0     18.0     16.0     -99.0    15.0    0.0
# moderate AP remaining in vicinity of radar
23-37 10   01  01  98    3.0      3.2      3.0       13.0     13.0     18.0     20.0     -99.0    12.0    0.0
# moderate/intense clutter remaining (Gunn Pt and Islands clutter)
58-59 14   01  01  98    3.0      3.4      3.0       13.0     13.0     18.0     20.0     -99.0    15.0    0.0
*     15   01  01  98    3.0      3.4      3.0       13.0     13.0     18.0     20.0     -99.0    15.0    0.0
00-01 16   01  01  98    3.0      3.4      3.0       13.0     13.0     18.0     20.0     -99.0    15.0    0.0
# intense clutter specks remaining
11-25 16   01  01  98    3.0      3.2      3.0       13.0     20.0     18.0     20.0     -99.0    15.0    0.0
*     17   01  01  98    3.0      3.2      3.0       13.0     20.0     18.0     20.0     -99.0    15.0    0.0
# moderate/intense AP/clutter remaining near radar
11-37 18   01  01  98    3.4      3.0      3.0       13.0     20.0     18.0     20.0     -99.0    14.0    0.0
# moderate/intense clutter specks and AP remaining (a real mess)
38-59 18   01  01  98    3.1      3.2      3.0       13.0     15.0     18.0     20.0     -99.0    15.0    0.0
*  19-21   01  01  98    3.1      3.2      3.0       13.0     15.0     18.0     20.0     -99.0    15.0    0.0
00-25 22   01  01  98    3.1      3.2      3.0       13.0     15.0     18.0     20.0     -99.0    15.0    0.0
# moderate/intense clutter near radar and islands to the North
*  00-03   02  01  98    3.0      2.0      4.0       16.0      5.0     18.0      5.0     -99.0    15.0    0.0
00-36 04   02  01  98    3.0      2.0      4.0       16.0      5.0     18.0      5.0     -99.0    15.0    0.0
# intense clutter specks near radar embedded in precip. + some island clutter
48    04   02  01  98    3.0      2.0      4.0       17.0      5.0     18.0      5.0     -99.0    18.0    0.0
00-24 05   02  01  98    3.0      2.0      4.0       17.0      5.0     18.0      5.0     -99.0    18.0    0.0
36-59 05   02  01  98    3.0      3.5      4.0       13.0      5.0     18.0      5.0     -99.0    10.0    0.0
*     06   02  01  98    3.0      3.5      4.0       13.0      5.0     18.0      5.0     -99.0    10.0    0.0
00    07   02  01  98    3.0      3.5      4.0       13.0      5.0     18.0      5.0     -99.0    10.0    0.0
# intense AP (these params didn't work very well)
12-36 10   02  01  98    4.0      4.0      3.0       13.0     13.0     18.0     20.0     -99.0    15.0    0.0
24    11   02  01  98    3.0      4.0      3.0       13.0     13.0     18.0     20.0     -99.0    15.0    0.0
# small patch of AP at mid/far range (worked pretty well)
00    17   02  01  98    3.0      2.0      3.0       13.0     18.0     18.0     20.0     -99.0     0.0    0.0
12    17   02  01  98    3.0      4.5      4.0       13.0      5.0     18.0      5.0     -99.0    10.0    0.0
48    17   02  01  98    3.0      4.8      4.0       13.0      5.0     18.0      5.0     -99.0    10.0    0.0
00    18   02  01  98    3.0      5.5      4.0       13.0      5.0     18.0      5.0     -99.0    15.0    0.0
# moderate/intense AP surrounding radar with precip to the North
12-59 18   02  01  98    3.0      5.7      4.0       13.0      5.0     18.0      5.0     -99.0    25.0    0.0
00-24 19   02  01  98    3.0      5.7      4.0       13.0      5.0     18.0      5.0     -99.0    25.0    0.0
# moderate/intense AP - no precip
36-59 19   02  01  98    3.0      9.0      9.0       13.0     13.0     18.0     20.0     -99.0    30.0    0.0
*  20-21   02  01  98    3.0      9.0      9.0       13.0     13.0     18.0     20.0     -99.0    30.0    0.0
*  12-23   03  01  98    3.0      9.0      9.0       13.0     13.0     18.0     20.0     -99.0    30.0    0.0
# AP to NW of radar and some clutter specks near radar
00-12 03   03  01  98    3.0      4.0      4.0       13.0     18.0     18.0     25.0     -99.0    15.0    0.0
36-59 03   03  01  98    3.0      4.0      4.0       13.0     22.0     18.0     25.0     -99.0    15.0    0.0
*  04-05   03  01  98    3.0      4.0      4.0       13.0     22.0     18.0     25.0     -99.0    15.0    0.0
36-48 06   03  01  98    3.0      4.0      4.0       13.0     18.0     18.0     25.0     -99.0    15.0    0.0
12    07   03  01  98    3.0      4.0      4.0       13.0     18.0     18.0     25.0     -99.0    10.0    0.0
36-48 07   03  01  98    3.0      4.0      4.0       13.0     18.0     18.0     25.0     -99.0    10.0    0.0
48    08   03  01  98    3.0      4.0      4.0       13.0     18.0     18.0     25.0     -99.0    10.0    0.0
# Light AP to SW of radar
36    09   03  01  98    3.0      4.0      4.0       13.0     22.0     18.0     22.0     -99.0     0.0    0.0
# AP surrounding radar
48    09   03  01  98    3.0      4.0      4.0       13.0     20.0     18.0     25.0     -99.0    15.0    0.0
*  10-11   03  01  98    3.0      4.0      4.0       13.0     20.0     18.0     25.0     -99.0    15.0    0.0
# Moderate / intense island clutter NW of radar
36    00   04  01  98    3.0      4.0      4.0       13.0     18.0     18.0     25.0     -99.0    10.0    0.0
00    02   04  01  98    3.0      4.0      4.0       13.0     18.0     18.0     25.0     -99.0    10.0    0.0
24-36 02   04  01  98    3.0      4.0      4.0       13.0     18.0     18.0     25.0     -99.0    10.0    0.0
24-59 15   04  01  98    5.0      6.0      6.0       13.0     13.0     18.0     20.0     -99.0     0.0    0.0
00    16   04  01  98    5.0      6.0      6.0       13.0     13.0     18.0     20.0     -99.0     0.0    0.0
# Clutter speck near radar
00    05   04  01  98    3.0      2.0      3.0       13.0     13.0     25.0     20.0     -99.0     0.0    0.0
12    09   04  01  98    3.0      4.0      4.0       13.0     20.0     18.0     20.0     -99.0     0.0    0.0
# Light AP with moderate/intense convection nearby
12-59 06   04  01  98    4.0      4.0      3.0       13.0     25.0     18.0     20.0     -99.0    10.0    0.0
# AP - no precip
24-59 11   04  01  98    3.0      9.0      9.0       13.0     13.0     18.0     20.0     -99.0    30.0    0.0
*  12-13   04  01  98    3.0      9.0      9.0       13.0     13.0     18.0     20.0     -99.0    30.0    0.0
00-12 14   04  01  98    3.0      9.0      9.0       13.0     13.0     18.0     20.0     -99.0    30.0    0.0
12-59 16   04  01  98    3.0      9.0      9.0       13.0     13.0     18.0     20.0     -99.0    30.0    0.0
*  17-23   04  01  98    3.0      9.0      9.0       13.0     13.0     18.0     20.0     -99.0    30.0    0.0
*     07   04  01  98    4.0      4.0      3.0       13.0     25.0     18.0     20.0     -99.0    10.0    0.0
# Some AP to NW with precip nearby
00-36 00   05  01  98    3.0      4.5      3.0       13.0     13.0     18.0     20.0     -99.0    10.0    0.0
00    01   05  01  98    3.0      4.5      3.0       13.0     13.0     18.0     20.0     -99.0     1.0    0.0
48    02   05  01  98    3.0      5.5      3.0       13.0     13.0     18.0     20.0     -99.0    12.0    0.0
24-36 03   05  01  98    3.0      4.5      3.0       13.0     16.0     18.0     20.0     -99.0     1.0    0.0
48    04   05  01  98    3.0      4.5      3.0       13.0     13.0     18.0     20.0     -99.0     0.0    0.0
# Light P to S and E w/ precip present
*  05-07   05  01  98    3.0      4.5      3.0       13.0     16.0     18.0     20.0     -99.0     5.0    0.0 
# AP to NW with precip nearby
00-12 20   05  01  98    3.0      5.5      3.0       13.0     13.0     18.0     20.0     -99.0     0.0    0.0
00    21   05  01  98    3.0      5.5      3.0       13.0     13.0     18.0     20.0     -99.0     0.0    0.0
00    22   05  01  98    3.0      4.5      3.0       13.0     13.0     18.0     20.0     -99.0     0.0    0.0
# moderate/intense clutter specks remaining
00-13 00   06  01  98    4.0      2.0      3.0       13.0     40.0     18.0     17.0     -99.0     0.0    0.0
# second-trip echo remaining
47-59 05   06  01  98    3.0      2.0      6.5       13.0     13.0     18.0     23.0     -99.0     6.0    0.0
*  06-09   06  01  98    3.0      2.0      6.5       13.0     13.0     18.0     23.0     -99.0     6.0    0.0
00-46 10   06  01  98    3.0      2.0      6.5       13.0     13.0     18.0     23.0     -99.0     6.0    0.0
# second-trip echo remaining (no precip present)
47-59 10   06  01  98    8.0      8.0      8.0       88.0     88.0     88.0     88.0     -99.0     0.0    0.0
00-25 11   06  01  98    8.0      8.0      8.0       88.0     88.0     88.0     88.0     -99.0     0.0    0.0
# second-trip echo remaining
26-59 11   06  01  98    3.0      2.0      6.5       13.0     13.0     18.0     23.0     -99.0     6.0    0.0
# second-trip echo remaining (no precip present)
11-13 15   06  01  98    8.0      8.0      8.0       88.0     88.0     88.0     88.0     -99.0     0.0    0.0
# second-trip echo remaining
11-37 17   06  01  98    3.0      2.0      6.5       13.0     13.0     18.0     23.0     -99.0     6.0    0.0
# weak/moderate/intense island clutter and AP remaining
11-25 05   07  01  98    4.5      2.0      3.0       13.0     45.0     18.0     20.0     -99.0     0.0    0.0
35-59 06   07  01  98    4.5      2.0      3.0       13.0     45.0     18.0     20.0     -99.0     0.0    0.0
*     07   07  01  98    4.5      2.0      3.0       13.0     45.0     18.0     20.0     -99.0     0.0    0.0
# second-trip echo remaining
*     08   07  01  98    3.0      2.0      5.5       13.0     13.0     18.0     26.0     -99.0     0.0    0.0
00-02 09   07  01  98    3.0      2.0      5.5       13.0     13.0     18.0     26.0     -99.0     0.0    0.0
# weak/moderate/intense AP remaining (no precip present)
11-59 11   07  01  98    8.0      8.0      8.0       88.0     88.0     88.0     88.0     -99.0     0.0    0.0
*     12   07  01  98    8.0      8.0      8.0       88.0     88.0     88.0     88.0     -99.0     0.0    0.0
00-13 13   07  01  98    8.0      8.0      8.0       88.0     88.0     88.0     88.0     -99.0     0.0    0.0
35-59 13   07  01  98    8.0      8.0      8.0       88.0     88.0     88.0     88.0     -99.0     0.0    0.0
00-02 14   07  01  98    8.0      8.0      8.0       88.0     88.0     88.0     88.0     -99.0     0.0    0.0
# weak/moderate AP remaining along with some light precip
35-37 14   07  01  98   14.0      2.0      7.0       13.0     65.0     18.0      1.0     -99.0     0.0    0.0
# weak/moderate AP remaining (no precip present)
47-59 14   07  01  98    8.0      8.0      8.0       88.0     88.0     88.0     88.0     -99.0     0.0    0.0
00-02 15   07  01  98    8.0      8.0      8.0       88.0     88.0     88.0     88.0     -99.0     0.0    0.0
# second-trip echo remaining
23-59 03   08  01  98    3.0      2.0      6.5       13.0     13.0     18.0     23.0     -99.0     5.0    0.0
*  04-08   08  01  98    3.0      2.0      6.5       13.0     13.0     18.0     23.0     -99.0     5.0    0.0
00-13 09   08  01  98    3.0      2.0      6.5       13.0     13.0     18.0     23.0     -99.0     5.0    0.0
# second-trip giving way to horrifically intense AP, often embedded within precip
23-59 12   08  01  98    6.5      2.0      6.5       13.0     60.0     18.0     10.0     -99.0     5.0    0.0
*  13-14   08  01  98    6.5      2.0      6.5       13.0     60.0     18.0     10.0     -99.0     5.0    0.0
# intense clutter splotch remaining
35-59 00   09  01  98    3.5      3.5      3.0       13.0     13.0     18.0     20.0     -99.0    20.0    0.0
00-02 01   09  01  98    3.5      3.5      3.0       13.0     13.0     18.0     20.0     -99.0    20.0    0.0
# horrifically intense AP remaining
*     02   09  01  98    3.0      4.7      3.0       13.0     13.0     18.0     20.0     -99.0    17.0    0.0
# intense clutter specks remaining
00-10 03   09  01  98    3.5      2.0      3.0       13.0     25.0     18.0     20.0     -99.0     0.0    0.0
11-13 03   09  01  98    4.5      2.0      3.0       13.0     45.0     18.0     20.0     -99.0     0.0    0.0
# intense AP SW and SE of radar + intense Gunn Pt. ground clutter remaining
36-59 03   09  01  98    4.5      2.0      3.0       13.0     45.0     18.0     20.0     -99.0     0.0    0.0
*     04   09  01  98    4.5      2.0      3.0       13.0     45.0     18.0     20.0     -99.0     0.0    0.0
*     05   09  01  98    4.5      2.0      3.0       13.0     45.0     18.0     20.0     -99.0     0.0    0.0
00-37 06   09  01  98    4.5      2.0      3.0       13.0     45.0     18.0     20.0     -99.0     0.0    0.0
# horrifically intense AP, mostly embedded within precip
*  07-09   09  01  98    5.5      2.0      3.0       13.0     60.0     18.0     20.0     -99.0    16.0    0.0
# moderate AP remaining
11-25 12   09  01  98    4.5      2.0      3.0       13.0     45.0     18.0     20.0     -99.0     0.0    0.0
00-12 13   09  01  98    3.8      2.0      3.0       13.0     35.0     18.0     20.0     -99.0     0.0    0.0
47-49 13   09  01  98    3.8      2.0      3.0       13.0     35.0     18.0     20.0     -99.0     0.0    0.0
# second-trip echo remaining
00-37 14   09  01  98    3.0      2.0      6.5       13.0     13.0     18.0     20.0     -99.0     0.0    0.0
23-59 15   09  01  98    3.0      2.0      6.5       13.0     13.0     18.0     23.0     -99.0     5.0    0.0
00-13 16   09  01  98    3.0      2.0      6.5       13.0     13.0     18.0     23.0     -99.0     5.0    0.0
# weak/moderate AP remaining
47-59 16   09  01  98    4.4      2.0      3.0       13.0     35.0     18.0     20.0     -99.0     0.0    0.0
*     17   09  01  98    4.4      2.0      3.0       13.0     35.0     18.0     20.0     -99.0     0.0    0.0
# weak/moderate/intense AP remaining
11-59 18   09  01  98    4.0      2.0      4.0       13.0     25.0     18.0     20.0     -99.0    16.0    0.0
00-37 19   09  01  98    4.0      2.0      4.0       13.0     25.0     18.0     20.0     -99.0    16.0    0.0
# intense clutter splotch W of radar remaining
47-59 21   09  01  98    3.7      2.0      3.0       13.0     40.0     18.0     20.0     -99.0     0.0    0.0
00-25 22   09  01  98    3.7      2.0      3.0       13.0     40.0     18.0     20.0     -99.0     0.0    0.0
# Minor / Moderate clutter specks NW of radar
24-36 01   10  01  98    3.0      5.9      4.0       13.0     13.0     18.0     10.0     -99.0    10.0    0.0
12-36 05   10  01  98    3.0      4.0      4.0       13.0     18.0     18.0     25.0     -99.0    10.0    0.0
# Clutter specks near radar
24    06   10  01  98    3.0      5.5      3.0       13.0     13.0     18.0     20.0     -99.0     0.0    0.0
# AP - various intensities in all directions
*  10-12   10  01  98    3.0      4.0      5.0       13.0     18.0     18.0     25.0     -99.0    15.0    0.0
# AP - no precip
*  13-14   10  01  98    3.0      9.0      9.0       13.0     13.0     18.0     20.0     -99.0    40.0    0.0
00-12 15   10  01  98    3.0      9.0      9.0       13.0     13.0     18.0     20.0     -99.0    40.0    0.0
# Moderate/Intense AP SE of radar with precip nearby
24-48 19   10  01  98    3.0      7.0      4.0       13.0     13.0     18.0     20.0     -99.0    10.0    0.0
# intense clutter splotch W of radar remaining
00-25 00   11  01  98    3.7      2.0      3.0       13.0     40.0     18.0     20.0     -99.0     0.0    0.0
47-59 00   11  01  98    3.7      2.0      3.0       13.0     40.0     18.0     20.0     -99.0     0.0    0.0
00-25 01   11  01  98    3.7      2.0      3.0       13.0     40.0     18.0     20.0     -99.0     0.0    0.0
# moderate island clutter remaining
35-59 08   11  01  98    3.7      2.0      3.0       13.0     40.0     18.0     20.0     -99.0     0.0    0.0
00-01 09   11  01  98    3.7      2.0      3.0       13.0     40.0     18.0     20.0     -99.0     0.0    0.0
35-59 09   11  01  98    3.7      2.0      3.0       13.0     40.0     18.0     20.0     -99.0     0.0    0.0
*  10-12   11  01  98    3.7      2.0      3.0       13.0     40.0     18.0     20.0     -99.0     0.0    0.0
00-37 13   11  01  98    3.7      2.0      3.0       13.0     40.0     18.0     20.0     -99.0     0.0    0.0
23-37 14   11  01  98    3.7      2.0      3.0       13.0     40.0     18.0     20.0     -99.0     0.0    0.0
# intense Gunn Pt. clutter speck remaining
35-50 18   11  01  98    4.2      2.0      3.0       13.0     45.0     18.0     20.0     -99.0     0.0    0.0
# moderate island clutter remaining
47-59 03   12  01  98    3.8      2.0      3.0       13.0     42.0     18.0     20.0     -99.0     0.0    0.0
*  04-08   12  01  98    3.8      2.0      3.0       13.0     42.0     18.0     20.0     -99.0     0.0    0.0
00-13 09   12  01  98    3.8      2.0      3.0       13.0     42.0     18.0     20.0     -99.0     0.0    0.0
# scattered weak AP remaining
00-38 22   12  01  98    3.8      2.0      3.0       13.0     42.0     18.0     20.0     -99.0     0.0    0.0
# moderate clutter splotch remaining
11-13 23   12  01  98    3.7      2.0      3.0       13.0     40.0     18.0     20.0     -99.0     0.0    0.0
# Scattered light AP (no precip)
36-59 21   13  01  98    3.0      9.0      9.0       13.0     13.0     18.0     20.0     -99.0    40.0    0.0
*     22   13  01  98    3.0      9.0      9.0       13.0     13.0     18.0     20.0     -99.0    40.0    0.0
00-24 23   13  01  98    3.0      9.0      9.0       13.0     13.0     18.0     20.0     -99.0    40.0    0.0
*  02-03   14  01  98    3.0      9.0      9.0       13.0     13.0     18.0     20.0     -99.0    40.0    0.0
00    04   14  01  98    3.0      9.0      9.0       13.0     13.0     18.0     20.0     -99.0    40.0    0.0
36-59 10   14  01  98    3.0      9.0      9.0       13.0     13.0     18.0     20.0     -99.0    40.0    0.0
*     11   14  01  98    3.0      9.0      9.0       13.0     13.0     18.0     20.0     -99.0    40.0    0.0
00-24 12   14  01  98    3.0      9.0      9.0       13.0     13.0     18.0     20.0     -99.0    40.0    0.0
48    15   14  01  98    3.0      9.0      9.0       13.0     13.0     18.0     20.0     -99.0    40.0    0.0
*  16-23   14  01  98    3.0      9.0      9.0       13.0     13.0     18.0     20.0     -99.0    40.0    0.0
# Moderate AP at far range (not embedded) with precip at far range
36-59 12   14  01  98    3.0      5.0      4.0       13.0     13.0     18.0      5.0     -99.0    15.0    0.0
*     13   14  01  98    3.0      5.0      4.0       13.0     13.0     18.0      5.0     -99.0    15.0    0.0
00-12 14   14  01  98    3.0      5.0      4.0       13.0     13.0     18.0      5.0     -99.0    15.0    0.0
24    14   14  01  98    3.0      5.0      4.0       13.0     13.0     18.0      5.0     -99.0    22.0    0.0
36-48 14   14  01  98    3.0      5.0      4.0       13.0     13.0     18.0      5.0     -99.0    15.0    0.0
00    15   14  01  98    3.0      5.0      4.0       13.0     13.0     18.0      5.0     -99.0    16.0    0.0
12-24 15   14  01  98    3.0      5.0      4.0       13.0     13.0     18.0      5.0     -99.0    15.0    0.0
36    15   14  01  98    3.0      5.0      4.0       13.0     13.0     18.0      5.0     -99.0     3.0    0.0
# Island clutter NW of radar and other AP
*     05   15  01  98    3.8      2.0      3.0       13.0     42.0     18.0     20.0     -99.0     0.0    0.0
00    06   15  01  98    3.8      2.0      3.0       13.0     42.0     18.0     20.0     -99.0     0.0    0.0
24    13   15  01  98    3.8      2.0      3.0       13.0     42.0     18.0     20.0     -99.0     0.0    0.0
00    14   15  01  98    3.8      2.0      3.0       13.0     42.0     18.0     20.0     -99.0     0.0    0.0
48    20   15  01  98    3.0      2.0      3.0       13.0     42.0     18.0     20.0     -99.0     0.0    0.0
12-48 21   15  01  98    3.8      2.0      3.0       13.0     42.0     18.0     20.0     -99.0     0.0    0.0
12-59 22   15  01  98    3.8      2.0      3.0       13.0     42.0     18.0     20.0     -99.0     0.0    0.0
00    23   15  01  98    3.8      2.0      3.0       13.0     42.0     18.0     20.0     -99.0     0.0    0.0
# Moderate/Intense clutter near radar with precip nearby (partial fix)
36-59 14   15  01  98    6.0      6.0      3.0       13.0     45.0     18.0     20.0     -99.0     0.0    0.0
*  15-17   15  01  98    6.0      6.0      3.0       13.0     45.0     18.0     20.0     -99.0     0.0    0.0
00-12 18   15  01  98    6.0      6.0      3.0       13.0     45.0     18.0     20.0     -99.0     0.0    0.0
# AP - no precip
12-48 23   15  01  98    3.0      9.0      9.0       13.0     45.0     18.0     20.0     -99.0    40.0    0.0
00-36 00   16  01  98    3.0     12.0     12.0       13.0     45.0     18.0     20.0     -99.0    40.0    0.0
*  12-23   16  01  98    3.0     12.0     12.0       13.0     45.0     18.0     20.0     -99.0    40.0    0.0
# Minor second trip echo
36-59 07   16  01  98    3.0      2.0      3.0       13.0     25.0     18.0     25.0     -99.0     0.0    0.0
00-12 08   16  01  98    3.0      2.0      3.0       13.0     25.0     18.0     25.0     -99.0     0.0    0.0
24-48 10   16  01  98    3.0      2.0      3.0       13.0     25.0     18.0     25.0     -99.0     0.0    0.0
# Clutter speck 
24    00   17  01  98    4.0      2.0      3.0       13.0     50.0     18.0     20.0     -99.0     0.0    0.0
# Island clutter and occasional second trip echo
36-59 03   17  01  98    3.8      2.0      3.0       13.0     42.0     18.0     20.0     -99.0     0.0    0.0
*  04-09   17  01  98    3.8      2.0      3.0       13.0     42.0     18.0     20.0     -99.0     0.0    0.0
00    10   17  01  98    3.8      2.0      3.0       13.0     42.0     18.0     20.0     -99.0     0.0    0.0
# Clutter near radar and from Island NW
48    03   18  01  98    3.8      2.0      3.0       13.0     42.0     18.0     20.0     -99.0    16.0    0.0
00-36 04   18  01  98    3.8      2.0      3.0       13.0     42.0     18.0     20.0     -99.0    16.0    0.0
# Clutter near radar and light second trip echo
48    05   18  01  98    3.8      2.0      3.0       13.0     42.0     18.0     20.0     -99.0     0.0    0.0
00-12 06   18  01  98    3.8      2.0      3.0       13.0     42.0     18.0     20.0     -99.0     0.0    0.0
# AP (no precip)
24-59 10   18  01  98    3.0     12.0     12.0       13.0     13.0     18.0     20.0     -99.0    40.0    0.0
*  11-13   18  01  98    3.0     12.0     12.0       13.0     13.0     18.0     20.0     -99.0    40.0    0.0
00-36 14   18  01  98    3.0     12.0     12.0       13.0     13.0     18.0     20.0     -99.0    40.0    0.0
# Light AP at far range
48    14   18  01  98    3.8      2.0      3.0       13.0     42.0     18.0     30.0     -99.0     0.0    0.0
*     15   18  01  98    3.8      2.0      3.0       13.0     42.0     18.0     30.0     -99.0     0.0    0.0
00-36 16   18  01  98    3.8      2.0      3.0       13.0     42.0     18.0     30.0     -99.0     0.0    0.0
# Moderate island clutter NW of radar
48    17   18  01  98    5.0      2.0      3.0       13.0     42.0     18.0     20.0     -99.0     0.0    0.0
12    18   18  01  98    5.0      2.0      3.0       13.0     42.0     18.0     20.0     -99.0     0.0    0.0
*     20   18  01  98    3.8      2.0      3.0       13.0     42.0     18.0     20.0     -99.0     0.0    0.0
# Light second trip echo at far range
00    00   19  01  98    3.0      2.0      3.0       13.0     42.0     18.0     20.0     -99.0     0.0    0.0
24-48 00   19  01  98    3.0      2.0      3.0       13.0     42.0     18.0     20.0     -99.0     0.0    0.0
# Moderate clutter SW of radar (some embeded)
00    11   19  01  98    3.8      2.0      3.0       13.0     42.0     18.0     20.0     -99.0     0.0    0.0
30    11   19  01  98    4.8      2.0      3.0       13.0     42.0     18.0     20.0     -99.0     0.0    0.0
# Clutter specks and patches near radar
50    21   19  01  98    4.0      2.0      3.0       13.0     42.0     18.0     20.0     -99.0     0.0    0.0
00-20 22   19  01  98    4.0      2.0      3.0       13.0     42.0     18.0     20.0     -99.0     0.0    0.0
40    23   19  01  98    4.0      2.0      3.0       13.0     42.0     18.0     20.0     -99.0     0.0    0.0
30-59 00   20  01  98    7.0      2.0      3.0       13.0     42.0     18.0      5.0     -99.0     0.0    0.0
00-30 01   20  01  98    7.0      2.0      3.0       13.0     42.0     18.0      5.0     -99.0     0.0    0.0
# Island clutter NW (some SW also) and some clutter near radar
30-59 07   20  01  98    3.8      2.0      3.0       13.0     18.0     18.0     20.0     -99.0     0.0    0.0
00-10 08   20  01  98    3.8      2.0      3.0       13.0     18.0     18.0     20.0     -99.0     0.0    0.0
30-59 08   20  01  98    3.8      2.0      3.0       13.0     42.0     18.0     12.0     -99.0     0.0    0.0
00-10 09   20  01  98    3.8      2.0      3.0       13.0     42.0     18.0     12.0     -99.0     0.0    0.0
# AP NW of radar
50    12   20  01  98    3.8      2.0      3.0       13.0     42.0     18.0     20.0     -99.0     0.0    0.0
*  13-17   20  01  98    3.8      2.0      3.0       13.0     42.0     18.0     20.0     -99.0     0.0    0.0
00-10 18   20  01  98    3.8      2.0      3.0       13.0     42.0     18.0     20.0     -99.0     0.0    0.0
40-59 18   20  01  98    3.8      2.0      3.0       13.0     42.0     18.0     20.0     -99.0     0.0    0.0
00-10 19   20  01  98    3.8      2.0      3.0       13.0     42.0     18.0     20.0     -99.0     0.0    0.0
# assorted moderate/intense clutter (Mainland and Islands) and AP
*  00-05   21  01  98    4.2      2.0      3.0       13.0     42.0     18.0     20.0     -99.0     0.0    0.0
00-30 06   21  01  98    4.2      2.0      3.0       13.0     42.0     18.0     20.0     -99.0     0.0    0.0
31-59 06   21  01  98    4.2      2.0      3.0       13.0     42.0     18.0     16.0     -99.0     0.0    0.0
00-11 07   21  01  98    4.2      2.0      3.0       13.0     42.0     18.0     16.0     -99.0     0.0    0.0
12-59 07   21  01  98    4.0      3.7      3.0       13.0     38.0     18.0     19.0     -99.0     0.0    0.0
*  08-11   21  01  98    4.0      3.7      3.0       13.0     38.0     18.0     19.0     -99.0     0.0    0.0
00-21 12   21  01  98    4.0      3.7      3.0       13.0     38.0     18.0     19.0     -99.0     0.0    0.0
22-41 12   21  01  98    3.8      2.0      3.0       13.0     38.0     18.0     17.0     -99.0     0.0    0.0
19-21 13   21  01  98    4.2      2.0      3.0       13.0     40.0     18.0     17.0     -99.0     0.0    0.0
39-59 13   21  01  98    4.5      2.0      3.0       13.0     42.0     18.0     17.0     -99.0     0.0    0.0
00-11 14   21  01  98    4.5      2.0      3.0       13.0     42.0     18.0     17.0     -99.0     0.0    0.0
39-59 14   21  01  98    4.5      2.0      3.0       13.0     42.0     18.0     17.0     -99.0     0.0    0.0
00-01 15   21  01  98    4.5      2.0      3.0       13.0     42.0     18.0     17.0     -99.0     0.0    0.0
09-59 15   21  01  98    4.5      2.0      3.0       13.0     42.0     18.0     17.0     -99.0     0.0    0.0
*  16-23   21  01  98    4.5      2.0      3.0       13.0     42.0     18.0     17.0     -99.0     0.0    0.0
# intense Gunn Pt. ground clutter speck remaining
49-51 00   22  01  98    3.7      2.0      3.0       13.0     37.0     18.0     20.0     -99.0     0.0    0.0
# moderate/intense island clutter remaining
39-41 04   22  01  98    4.0      2.0      3.0       13.0     41.0     18.0     20.0     -99.0     0.0    0.0
00-02 05   22  01  98    4.0      2.0      3.0       13.0     41.0     18.0     20.0     -99.0     0.0    0.0
19-21 05   22  01  98    4.0      2.0      3.0       13.0     41.0     18.0     20.0     -99.0     0.0    0.0
39-41 05   22  01  98    4.0      2.0      3.0       13.0     41.0     18.0     20.0     -99.0     0.0    0.0
00-41 06   22  01  98    3.8      2.0      3.0       13.0     37.0     18.0     20.0     -99.0     0.0    0.0
19-51 07   22  01  98    3.8      2.0      3.0       13.0     37.0     18.0     18.0     -99.0     0.0    0.0
# weak/moderate AP remaining immediately W of radar
09-41 08   22  01  98    3.8      2.0      3.0       13.0     37.0     18.0     17.0     -99.0     0.0    0.0
# weak AP remaining
29-41 11   22  01  98    3.3      2.0      3.0       13.0     35.0     18.0     20.0     -99.0     0.0    0.0
42-59 11   22  01  98    4.0      2.0      3.0       13.0     45.0     18.0     20.0     -99.0     0.0    0.0
00-31 12   22  01  98    4.0      2.0      3.0       13.0     45.0     18.0     20.0     -99.0     0.0    0.0
# weak second-trip echo remaining
00-21 17   22  01  98    3.5      2.0      3.0       13.0     37.0     18.0     20.0     -99.0     0.0    0.0
# intense clutter speck W of radar remaining
29-41 20   22  01  98    4.2      2.0      3.0       13.0     40.0     18.0     20.0     -99.0     0.0    0.0
00-11 22   22  01  98    4.2      2.0      3.0       13.0     40.0     18.0     20.0     -99.0     0.0    0.0
# moderate/intense island clutter remaining
29-31 05   23  01  98    4.0      2.0      3.0       13.0     43.0     18.0     20.0     -99.0     0.0    0.0
49-51 05   23  01  98    4.0      2.0      3.0       13.0     43.0     18.0     20.0     -99.0     0.0    0.0
09-11 06   23  01  98    4.0      2.0      3.0       13.0     43.0     18.0     20.0     -99.0     0.0    0.0
29-59 06   23  01  98    4.0      2.0      3.0       13.0     43.0     18.0     20.0     -99.0     0.0    0.0
*  07-08   23  01  98    4.0      2.0      3.0       13.0     43.0     18.0     20.0     -99.0     0.0    0.0
# moderate/intense clutter splotch remaining
19-31 10   23  01  98    3.9      2.0      3.0       13.0     40.0     18.0     20.0     -99.0     0.0    0.0
49-51 10   23  01  98    3.9      2.0      3.0       13.0     40.0     18.0     20.0     -99.0     0.0    0.0
09-41 16   23  01  98    3.9      2.0      3.0       13.0     37.0     18.0     20.0     -99.0     0.0    0.0
# moderate/intense radial spike remnants remaining
*     00   24  01  98    4.0      2.0      3.0       13.0     45.0     18.0     20.0     -99.0     0.0    0.0
00-21 01   24  01  98    4.0      2.0      3.0       13.0     45.0     18.0     20.0     -99.0     0.0    0.0
# moderate/intense island clutter remaining
39-59 02   24  01  98    4.2      2.0      3.0       13.0     45.0     18.0     20.0     -99.0     0.0    0.0
# moderate/intense island clutter + intense clutter splotch W of radar remaining
*  03-06   24  01  98    4.2      2.0      3.0       13.0     45.0     18.0     20.0     -99.0     0.0    0.0
00-01 07   24  01  98    4.2      2.0      3.0       13.0     45.0     18.0     20.0     -99.0     0.0    0.0
# weak second-trip echo remaining
02-59 07   24  01  98    4.2      2.0      3.0       13.0     45.0     18.0     20.0     -99.0     0.0    0.0
*  08-13   24  01  98    4.2      2.0      3.0       13.0     45.0     18.0     20.0     -99.0     0.0    0.0
00-11 14   24  01  98    4.2      2.0      3.0       13.0     45.0     18.0     20.0     -99.0     0.0    0.0
# weak AP + intense Gunn Pt. ground clutter remaining
39-59 15   24  01  98    4.0      2.0      3.0       13.0     43.0     18.0     20.0     -99.0     0.0    0.0
*  16-17   24  01  98    4.0      2.0      3.0       13.0     43.0     18.0     20.0     -99.0     0.0    0.0
00-01 18   24  01  98    4.0      2.0      3.0       13.0     43.0     18.0     20.0     -99.0     0.0    0.0
# weak AP remaining
29-48 18   24  01  98    4.0      2.0      3.0       13.0     43.0     18.0     20.0     -99.0     0.0    0.0
# weak AP + moderate/intense island clutter remaining
49-59 18   24  01  98    4.0      2.0      3.0       13.0     43.0     18.0     20.0     -99.0     0.0    0.0
00-21 19   24  01  98    4.0      2.0      3.0       13.0     43.0     18.0     20.0     -99.0     0.0    0.0
# moderate/intense island clutter remaining, often embedded within light precip
29-59 19   24  01  98    4.0      2.0      3.0       13.0     43.0     18.0     20.0     -99.0     0.0    0.0
00-41 20   24  01  98    4.0      2.0      3.0       13.0     43.0     18.0     20.0     -99.0     0.0    0.0
19-41 21   24  01  98    4.0      2.0      3.0       13.0     40.0     18.0     20.0     -99.0     0.0    0.0
19-21 03   25  01  98    4.0      2.0      3.0       13.0     43.0     18.0     18.0     -99.0     0.0    0.0
39-59 03   25  01  98    4.0      2.0      3.0       13.0     43.0     18.0     18.0     -99.0     0.0    0.0
19-41 04   25  01  98    4.0      2.0      3.0       13.0     43.0     18.0     18.0     -99.0     0.0    0.0
# moderate/intense island clutter + moderate AP near Gunn Pt. remaining
09-59 05   25  01  98    4.0      2.0      3.0       13.0     43.0     18.0     18.0     -99.0     0.0    0.0
*     06   25  01  98    4.0      2.0      3.0       13.0     43.0     18.0     18.0     -99.0     0.0    0.0
00-11 07   25  01  98    4.0      2.0      3.0       13.0     43.0     18.0     18.0     -99.0     0.0    0.0
# moderate/intense island clutter remaining
49-51 07   25  01  98    4.0      2.0      3.0       13.0     43.0     18.0     19.0     -99.0     0.0    0.0
00-01 11   25  01  98    4.0      2.0      3.0       13.0     43.0     18.0     19.0     -99.0     0.0    0.0
29-31 12   25  01  98    4.0      2.0      3.0       13.0     43.0     18.0     19.0     -99.0     0.0    0.0
19-21 13   25  01  98    4.0      2.0      3.0       13.0     43.0     18.0     19.0     -99.0     0.0    0.0
49-51 13   25  01  98    4.0      2.0      3.0       13.0     43.0     18.0     19.0     -99.0     0.0    0.0
# intense Gunn Pt. clutter specks remaining
49-51 15   25  01  98    4.8      2.0      3.0       13.0     48.0     18.0     10.0     -99.0     0.0    0.0
# intense Gunn Pt. clutter specks + moderate AP remaining in the same region
09-59 18   25  01  98    4.3      2.0      3.0       13.0     43.0     18.0     20.0     -99.0     0.0    0.0
00-01 19   25  01  98    4.3      2.0      3.0       13.0     43.0     18.0     20.0     -99.0     0.0    0.0
# moderate/intense island clutter remaining
09-59 19   25  01  98    4.3      2.0      3.0       13.0     43.0     18.0     20.0     -99.0     0.0    0.0
00-21 20   25  01  98    4.3      2.0      3.0       13.0     43.0     18.0     20.0     -99.0     0.0    0.0
# weak/moderate AP remaining near radar
29-59 20   25  01  98    4.5      2.0      3.0       13.0     45.0     18.0     20.0     -99.0     0.0    0.0
00-01 21   25  01  98    4.5      2.0      3.0       13.0     45.0     18.0     20.0     -99.0     0.0    0.0
# moderate/intense AP near radar + intense ground clutter remaining in and around Gunn Pt.
19-59 21   25  01  98    4.3      2.0      3.0       13.0     43.0     18.0     20.0     -99.0     0.0    0.0
*  22-23   25  01  98    4.3      2.0      3.0       13.0     43.0     18.0     20.0     -99.0     0.0    0.0
# moderate/intense island clutter, Gunn Pt clutter, and clutter splotch remain
*  00-03   26  01  98    4.2      2.0      3.0       13.0     44.0     18.0     20.0     -99.0     0.0    0.0
00-11 04   26  01  98    4.2      2.0      3.0       13.0     44.0     18.0     20.0     -99.0     0.0    0.0
# weak/moderate AP and occassional intense clutter specks in vicinity of Gunn Pt.
29-59 05   26  01  98    4.1      2.0      3.0       13.0     43.0     18.0     19.0     -99.0     0.0    0.0
00-11 06   26  01  98    4.1      2.0      3.0       13.0     43.0     18.0     19.0     -99.0     0.0    0.0
# moderate/intense Island clutter remaining
19-59 06   26  01  98    4.1      2.0      3.0       13.0     44.0     18.0     18.0     -99.0     0.0    0.0
*     07   26  01  98    4.1      2.0      3.0       13.0     44.0     18.0     18.0     -99.0     0.0    0.0
00-01 08   26  01  98    4.1      2.0      3.0       13.0     44.0     18.0     18.0     -99.0     0.0    0.0
09-21 09   26  01  98    4.2      2.0      3.0       13.0     44.0     18.0     19.0     -99.0     0.0    0.0
# AP and clutter remaining in and around Gunn pt.
*  13-15   26  01  98    4.3      2.0      3.0       13.0     44.0     18.0     18.0     -99.0     0.0    0.0
# moderate/intense clutter close to light precip
30-59 09   27  01  98    4.2      2.0      3.0       13.0     52.0     18.0     20.0     -99.0     0.0    0.0
*     10   27  01  98    4.2      2.0      3.0       13.0     52.0     18.0     20.0     -99.0     0.0    0.0
# moderate/intense clutter SW and NW of radar
40-59 11   27  01  98    4.2      2.0      3.0       13.0     52.0     18.0     20.0     -99.0     0.0    0.0
00    12   27  01  98    4.2      2.0      3.0       13.0     52.0     18.0     20.0     -99.0     0.0    0.0
00-30 21   27  01  98    3.8      2.0      3.0       13.0     42.0     18.0     20.0     -99.0     0.0    0.0
# clutter near radar and NW of radar near island
50    12   27  01  98    3.8      2.0      3.0       13.0     42.0     18.0     20.0     -99.0     0.0    0.0
00-20 13   27  01  98    3.8      2.0      3.0       13.0     42.0     18.0     20.0     -99.0     0.0    0.0
40-59 21   27  01  98    4.0      2.0      3.0       13.0     42.0     18.0     20.0     -99.0     0.0    0.0
*     22   27  01  98    4.0      2.0      3.0       13.0     42.0     18.0     20.0     -99.0     0.0    0.0
00-30 23   27  01  98    4.0      2.0      3.0       13.0     42.0     18.0     20.0     -99.0     0.0    0.0
# Holes in light precip near radar
50    13   27  01  98    3.0      2.0      3.0        0.0      5.0     18.0     20.0     -99.0     0.0    0.0
00-10 14   27  01  98    3.0      2.0      3.0        0.0      5.0     18.0     20.0     -99.0     0.0    0.0
00-40 00   28  01  98    3.0      2.0      3.0        0.0      0.0     18.0     20.0     -99.0     0.0    0.0
# Clutter near radar
30    07   28  01  98    3.8      2.0      3.0       13.0     18.0     18.0     20.0     -99.0     0.0    0.0
# Clutter surrounding radar
30-59 12   28  01  98    4.0      2.0      3.0       13.0     45.0     18.0     20.0     -99.0     0.0    0.0
00    13   28  01  98    4.0      2.0      3.0       13.0     45.0     18.0     20.0     -99.0     0.0    0.0
30-59 16   28  01  98    3.8      2.0      3.0       13.0     22.0     18.0     20.0     -99.0     0.0    0.0
00-20 17   28  01  98    3.8      2.0      3.0       13.0     22.0     18.0     20.0     -99.0     0.0    0.0
40-59 17   28  01  98    3.8      2.0      3.0       13.0     25.0     18.0     20.0     -99.0     0.0    0.0
00-20 18   28  01  98    3.8      2.0      3.0       13.0     25.0     18.0     20.0     -99.0     0.0    0.0
00-10 19   28  01  98    3.8      2.0      3.0       13.0     42.0     18.0     20.0     -99.0     0.0    0.0
50    20   28  01  98    3.8      2.0      3.0       13.0     42.0     18.0     20.0     -99.0     0.0    0.0
00-10 21   28  01  98    3.8      2.0      3.0       13.0     42.0     18.0     20.0     -99.0     0.0    0.0
50    04   29  01  98    3.8      2.0      3.0       13.0     42.0     18.0     20.0     -99.0     0.0    0.0
00    05   29  01  98    3.8      2.0      3.0       13.0     42.0     18.0     20.0     -99.0    10.0    0.0
10    05   29  01  98    3.8      2.0      3.0       13.0     42.0     18.0     20.0     -99.0     0.0    0.0
30-59 20   29  01  98    3.8      2.0      3.0       13.0     42.0     18.0     20.0     -99.0     0.0    0.0
00    21   29  01  98    3.8      2.0      3.0       13.0     42.0     18.0     20.0     -99.0     0.0    0.0
30    21   29  01  98    3.8      2.0      3.0       13.0     42.0     18.0     20.0     -99.0     0.0    0.0
20    02   30  01  98    3.8      2.0      3.0       13.0     13.0     18.0     20.0     -99.0     0.0    0.0
20    05   30  01  98    3.8      2.0      3.0       13.0     42.0     18.0     20.0     -99.0     0.0    0.0
00    18   30  01  98    3.8      2.0      3.0       13.0     42.0     18.0     20.0     -99.0     0.0    0.0
20-59 19   30  01  98    4.2      2.0      3.0       13.0     42.0     18.0     20.0     -99.0     0.0    0.0
*  20-21   30  01  98    4.2      2.0      3.0       13.0     42.0     18.0     20.0     -99.0     0.0    0.0
00-30 22   30  01  98    4.2      2.0      3.0       13.0     42.0     18.0     20.0     -99.0     0.0    0.0
# Clutter from Island NW, near radar, and second trip echo S (with convective cells near radar)
40-59 05   30  01  98    3.8      2.0      3.0       13.0     42.0     18.0     20.0     -99.0     0.0    0.0
*  06-08   30  01  98    3.8      2.0      3.0       13.0     42.0     18.0     20.0     -99.0     0.0    0.0
00    09   30  01  98    3.8      2.0      3.0       13.0     42.0     18.0     20.0     -99.0     0.0    0.0
# Moderate/intense AP S,SW,SE of radar (with precip present)
10-59 09   30  01  98    3.8      5.5      5.5       13.0     42.0     18.0     20.0     -99.0    20.0    0.0
*  10-14   30  01  98    3.8      5.5      5.5       13.0     42.0     18.0     20.0     -99.0    20.0    0.0
00-20 15   30  01  98    3.8      5.5      5.5       13.0     42.0     18.0     20.0     -99.0    20.0    0.0
# AP of varying intensities (no precip)
*  00-01   31  01  98    8.0     12.0     12.0       13.0     13.0     18.0     20.0     -99.0    40.0    0.0
00-30 02   31  01  98    8.0     12.0     12.0       13.0     13.0     18.0     20.0     -99.0    40.0    0.0
20-59 11   31  01  98    8.0     12.0     12.0       13.0     13.0     18.0     20.0     -99.0    40.0    0.0
*  12-15   31  01  98    8.0     12.0     12.0       13.0     13.0     18.0     20.0     -99.0    40.0    0.0
00-10 16   31  01  98    8.0     12.0     12.0       13.0     13.0     18.0     20.0     -99.0    40.0    0.0
30-50 18   31  01  98    8.0     12.0     12.0       13.0     13.0     18.0     20.0     -99.0    40.0    0.0
*  19-23   31  01  98    8.0     12.0     12.0       13.0     13.0     18.0     20.0     -99.0    40.0    0.0
# AP in various directions and of varying intensities surrounding radar (with precip present)
10-50 04   31  01  98    3.8      2.0      3.0       13.0     42.0     18.0     20.0     -99.0     0.0    0.0
10-59 10   31  01  98    3.8      2.0      3.0       13.0     42.0     18.0     20.0     -99.0     0.0    0.0
00-10 11   31  01  98    3.8      2.0      3.0       13.0     42.0     18.0     20.0     -99.0     0.0    0.0
20-59 16   31  01  98    4.5      2.0      3.0       13.0     52.0     18.0     20.0     -99.0     0.0    0.0
*     17   31  01  98    4.5      2.0      3.0       13.0     52.0     18.0     20.0     -99.0     0.0    0.0
00-20 18   31  01  98    4.5      2.0      3.0       13.0     52.0     18.0     20.0     -99.0     0.0    0.0
# weak AP splotch remaining
49-59 08   01  02  98    4.5      2.0      3.0       13.0     42.0     18.0      8.0     -99.0     0.0    0.0
00-21 09   01  02  98    4.5      2.0      3.0       13.0     42.0     18.0      8.0     -99.0     0.0    0.0
49-59 09   01  02  98    4.5      2.0      3.0       13.0     42.0     18.0      8.0     -99.0     0.0    0.0
00-01 10   01  02  98    4.5      2.0      3.0       13.0     42.0     18.0      8.0     -99.0     0.0    0.0
# scattered AP remaining (no precip present)
19-21 11   01  02  98    8.0      8.0      8.0       88.0     88.0     88.0     88.0     -99.0     0.0    0.0
09-59 12   01  02  98    8.0      8.0      8.0       88.0     88.0     88.0     88.0     -99.0     0.0    0.0
*  13-14   01  02  98    8.0      8.0      8.0       88.0     88.0     88.0     88.0     -99.0     0.0    0.0
00-11 15   01  02  98    8.0      8.0      8.0       88.0     88.0     88.0     88.0     -99.0     0.0    0.0
39-41 22   01  02  98    8.0      8.0      8.0       88.0     88.0     88.0     88.0     -99.0     0.0    0.0
29-31 02   02  02  98    8.0      8.0      8.0       88.0     88.0     88.0     88.0     -99.0     0.0    0.0
00-01 05   02  02  98    8.0      8.0      8.0       88.0     88.0     88.0     88.0     -99.0     0.0    0.0
# weak second-trip echo remaining
19-59 05   02  02  98    4.5      2.0      3.0       13.0     45.0     18.0     20.0     -99.0     0.0    0.0
*     06   02  02  98    4.5      2.0      3.0       13.0     45.0     18.0     20.0     -99.0     0.0    0.0
00-31 07   02  02  98    4.5      2.0      3.0       13.0     45.0     18.0     20.0     -99.0     0.0    0.0
29-59 08   02  02  98    4.5      2.0      3.0       13.0     45.0     18.0     20.0     -99.0     0.0    0.0
00-11 09   02  02  98    4.5      2.0      3.0       13.0     45.0     18.0     20.0     -99.0     0.0    0.0
# moderate/intense AP remaining (some embedded within precip)
49-59 13   02  02  98    4.7      2.0      3.0       13.0     55.0     18.0     20.0     -99.0     0.0    0.0
00-11 14   02  02  98    4.7      2.0      3.0       13.0     55.0     18.0     20.0     -99.0     0.0    0.0
# widespread weak/moderate/intense AP remaining (no precip present)
09-59 15   02  02  98    8.0      8.0      8.0       88.0     88.0     88.0     88.0     -99.0     0.0    0.0
*  16-23   02  02  98    8.0      8.0      8.0       88.0     88.0     88.0     88.0     -99.0     0.0    0.0
30-59 12   03  02  98    3.0     12.0     12.0       13.0     13.0     18.0     20.0     -99.0    40.0    0.0
*  13-23   03  02  98    3.0     12.0     12.0       13.0     13.0     18.0     20.0     -99.0    40.0    0.0
# moderate clutter speck/patch near radar
30    10   03  02  98    4.0      2.0      3.0       13.0     18.0     18.0     20.0     -99.0     0.0    0.0
# widespread weak/moderate/intense AP remaining (no precip present)
*  00-02   04  02  98    3.0     12.0     12.0       13.0     13.0     18.0     20.0     -99.0    40.0    0.0
00-10 03   04  02  98    3.0     12.0     12.0       13.0     13.0     18.0     20.0     -99.0    40.0    0.0
# AP of varying intensities (some embedded within precip)
50    06   04  02  98    4.5      2.0      3.0       13.0     40.0     18.0     20.0     -99.0     0.0    0.0
*     07   04  02  98    4.5      2.0      3.0       13.0     40.0     18.0     20.0     -99.0     0.0    0.0
00    08   04  02  98    5.7      2.0      3.0       13.0     60.0     18.0     20.0     -99.0     0.0    0.0
10-50 08   04  02  98    4.5      2.0      3.0       13.0     40.0     18.0     20.0     -99.0     0.0    0.0
*  09-10   04  02  98    4.5      2.0      3.0       13.0     40.0     18.0     20.0     -99.0     0.0    0.0
00-20 11   04  02  98    4.5      2.0      3.0       13.0     40.0     18.0     20.0     -99.0     0.0    0.0
30-50 11   04  02  98    6.8      2.0      5.0       13.0     75.0     18.0     15.0     -99.0     0.0    0.0
*  12-16   04  02  98    6.8      2.0      5.0       13.0     75.0     18.0     15.0     -99.0     0.0    0.0
*  17-23   04  02  98    4.5      2.0      3.0       13.0     40.0     18.0     15.0     -99.0     0.0    0.0
10    23   05  02  98    3.0      2.0      3.0       13.0     40.0     18.0     15.0     -99.0     0.0    0.0
30    23   05  02  98    3.0      2.0      3.0       13.0     40.0     18.0     15.0     -99.0     0.0    0.0
# Moderate clutter from Melville Island NW of radar
*  04-05   05  02  98    5.0      6.0      3.0       13.0     50.0     18.0     15.0     -99.0     0.0    0.0
00-20 06   05  02  98    5.0      6.0      3.0       13.0     50.0     18.0     15.0     -99.0     0.0    0.0
10-59 07   05  02  98    5.0      6.0      3.0       13.0     50.0     18.0     15.0     -99.0     0.0    0.0
*  08-10   05  02  98    5.0      6.0      3.0       13.0     50.0     18.0     15.0     -99.0     0.0    0.0
00-20 11   05  02  98    5.0      6.0      3.0       13.0     50.0     18.0     15.0     -99.0     0.0    0.0
10    14   05  02  98    5.0      2.0      3.0       13.0     50.0     18.0     15.0     -99.0     0.0    0.0
# Holes in light precip
30-59 12   05  02  98    3.0      2.0      3.0       13.0      5.0     18.0      5.0     -99.0     0.0    0.0
00-30 13   05  02  98    3.0      2.0      3.0       13.0      5.0     18.0      5.0     -99.0     0.0    0.0
# Clutter near radar
20    14   05  02  98    5.0      2.0      3.0       13.0     25.0     18.0     15.0     -99.0     0.0    0.0
# AP - no precip
10-59 19   06  02  98    3.0     12.0     12.0       13.0     50.0     18.0     20.0     -99.0    40.0    0.0
*  20-23   06  02  98    3.0     12.0     12.0       13.0     50.0     18.0     20.0     -99.0    40.0    0.0
# Clutter in various directions surrounding radar (some embedded)
10    02   06  02  98    4.0      2.0      3.0       13.0     18.0     18.0     20.0     -99.0     0.0    0.0
40-50 02   06  02  98    5.0      2.0      3.0       13.0     25.0     18.0     20.0     -99.0     0.0    0.0
20    03   06  02  98    5.0      2.0      3.0       13.0     25.0     18.0     20.0     -99.0     0.0    0.0
10    08   06  02  98    3.0      2.0      3.0       13.0     25.0     18.0     20.0     -99.0     0.0    0.0
00    12   06  02  98    3.0      2.0      3.0       13.0     25.0     18.0     20.0     -99.0     0.0    0.0
50    15   06  02  98    5.0      2.0      3.0       13.0     25.0     18.0     20.0     -99.0     0.0    0.0
40-59 16   06  02  98    5.0      2.0      3.0       13.0     35.0     18.0     20.0     -99.0    15.0    0.0
*  17-18   06  02  98    5.0      2.0      3.0       13.0     35.0     18.0     20.0     -99.0    15.0    0.0
00    19   06  02  98    5.0      2.0      3.0       13.0     35.0     18.0     20.0     -99.0    15.0    0.0 
00-10 02   07  02  98    4.0      2.0      3.0       13.0     35.0     18.0     18.0     -99.0     0.0    0.0
10-40 06   07  02  98    4.0      2.0      3.0       13.0     35.0     18.0     18.0     -99.0     0.0    0.0
30-50 10   07  02  98    4.0      2.0      3.0       13.0     35.0     18.0     18.0     -99.0     0.0    0.0
# AP + precip
30-50 02   07  02  98    5.0      2.0      3.0       13.0     35.0     18.0     18.0     -99.0     0.0    0.0
*  03-04   07  02  98    5.0      2.0      3.0       13.0     35.0     18.0     18.0     -99.0     0.0    0.0
00    05   07  02  98    5.0      2.0      3.0       13.0     35.0     18.0     18.0     -99.0     0.0    0.0
50    06   07  02  98    5.0      2.0      3.0       13.0     35.0     18.0     18.0     -99.0     0.0    0.0
*     07   07  02  98    5.0      2.0      3.0       13.0     35.0     18.0     18.0     -99.0     0.0    0.0
00-10 08   07  02  98    5.0      2.0      3.0       13.0     35.0     18.0     18.0     -99.0     0.0    0.0
50    19   07  02  98    4.2      2.0      3.0       13.0     13.0     18.0     20.0     -99.0    18.0    0.0
*  20-23   07  02  98    4.2      2.0      3.0       13.0     13.0     18.0     20.0     -99.0    18.0    0.0
50    13   08  02  98    3.0      5.0      3.0       13.0     13.0     18.0     20.0     -99.0     7.0    0.0
*  14-17   08  02  98    3.0      5.0      3.0       13.0     13.0     18.0     20.0     -99.0     7.0    0.0
50    17   08  02  98    3.0      5.0      3.0       13.0     13.0     18.0     20.0     -99.0    10.0    0.0
00-20 18   08  02  98    3.0      5.0      3.0       13.0     13.0     18.0     20.0     -99.0     7.0    0.0
30-59 18   08  02  98    2.0      2.5      3.0       10.0     13.0     18.0     13.0     -99.0     0.0    0.0
00-10 19   08  02  98    2.0      2.5      3.0       10.0     13.0     18.0     13.0     -99.0     0.0    0.0
20-59 19   08  02  98    3.0      5.5      3.0       13.0     13.0     18.0     20.0     -99.0     7.0    0.0
00-20 20   08  02  98    3.0      5.5      3.0       13.0     13.0     18.0     20.0     -99.0     7.0    0.0
30-59 20   08  02  98    3.0      5.0      3.0       13.0     13.0     18.0     20.0     -99.0     7.0    0.0
*     21   08  02  98    3.0      5.0      3.0       13.0     13.0     18.0     20.0     -99.0     7.0    0.0
00-30 22   08  02  98    3.0      5.0      3.0       13.0     13.0     18.0     20.0     -99.0     7.0    0.0
40-59 06   09  02  98    3.0      4.5      3.0       13.0     25.0     18.0     20.0     -99.0     0.0    0.0
00    07   09  02  98    3.0      4.5      3.0       13.0     25.0     18.0     20.0     -99.0     0.0    0.0
*  09-10   09  02  98    3.0      5.5      3.0       13.0     15.0     18.0     20.0     -99.0     0.0    0.0
*     11   09  02  98    3.0      5.5      3.0       13.0     15.0     18.0     20.0     -99.0     7.0    0.0
*  12-22   09  02  98    3.0      5.5      3.0       13.0     13.0     18.0     20.0     -99.0     5.0    0.0
30    17   09  02  98    3.0      5.5      3.0       13.0     13.0     18.0     20.0     -99.0     8.0    0.0
20-40 21   09  02  98    3.0      5.5      3.0       13.0     13.0     18.0     20.0     -99.0     8.0    0.0
00    22   09  02  98    3.0      5.5      3.0       13.0     13.0     18.0     20.0     -99.0     8.0    0.0
# weak island clutter remaining
49-51 09   06  12  98    3.0      2.0      3.0       13.0     13.0     18.0     20.0     -99.0    12.0    0.0
09-11 10   06  12  98    3.0      2.0      3.0       13.0     13.0     18.0     20.0     -99.0    12.0    0.0
# weak second-trip echo remaining
49-59 11   06  12  98    3.0      2.0      3.0       13.0     13.0     18.0     20.0     -99.0    12.0    0.0
*  12-14   06  12  98    3.0      2.0      3.0       13.0     13.0     18.0     20.0     -99.0    12.0    0.0
00-31 15   06  12  98    3.0      2.0      3.0       13.0     13.0     18.0     20.0     -99.0    12.0    0.0
# moderate island clutter remaining
29-31 21   06  12  98    3.0      2.0      3.0       13.0     13.0     18.0     20.0     -99.0    15.0    0.0
# Minor second trip echo
40-59 10   11  12  98    3.0      2.0      3.0       13.0     18.0     18.0     20.0     -99.0     0.0    0.0
00-20 11   11  12  98    3.0      2.0      3.0       13.0     18.0     18.0     20.0     -99.0     0.0    0.0
00-40 15   11  12  98    3.0      2.0      3.0       13.0     18.0     18.0     20.0     -99.0     0.0    0.0
# moderate/intense AP remaining
09-59 10   12  12  98    3.2      2.0      3.0       13.0     30.0     18.0     20.0     -99.0    11.0    0.0
00-11 11   12  12  98    3.2      2.0      3.0       13.0     30.0     18.0     20.0     -99.0    11.0    0.0
# scattered weak/moderate/intense AP remaining (no precip present)
49-59 11   12  12  98    7.0      7.0      7.0       77.0     77.0     77.0     77.0     -99.0     0.0    0.0
*     12   12  12  98    7.0      7.0      7.0       77.0     77.0     77.0     77.0     -99.0     0.0    0.0
00-21 13   12  12  98    7.0      7.0      7.0       77.0     77.0     77.0     77.0     -99.0     0.0    0.0
# weak AP remaining
29-59 13   12  12  98    3.0      3.5      3.0       13.0     13.0     18.0     20.0     -99.0    10.0    0.0
00-11 14   12  12  98    3.0      3.5      3.0       13.0     13.0     18.0     20.0     -99.0    10.0    0.0
# weak second-trip echo remaining
09-59 07   14  12  98    3.0      2.0      3.0       13.0     17.0     18.0     20.0     -99.0     0.0    0.0
*     08   14  12  98    3.0      2.0      3.0       13.0     17.0     18.0     20.0     -99.0     0.0    0.0
00-01 09   14  12  98    3.0      2.0      3.0       13.0     17.0     18.0     20.0     -99.0     0.0    0.0
19-59 04   15  12  98    3.0      2.0      3.0       13.0     18.0     18.0     20.0     -99.0     0.0    0.0
*  05-07   15  12  98    3.0      2.0      3.0       13.0     18.0     18.0     20.0     -99.0     0.0    0.0
00-31 08   15  12  98    3.0      2.0      3.0       13.0     18.0     18.0     20.0     -99.0     0.0    0.0
39-59 07   16  12  98    3.0      2.0      3.0       13.0     18.0     18.0     20.0     -99.0     0.0    0.0
00-31 08   16  12  98    3.0      2.0      3.0       13.0     18.0     18.0     20.0     -99.0     0.0    0.0
# widespread weak/moderate/intense AP remaining
39-59 08   16  12  98    4.6      2.0      3.0       13.0     35.0     18.0     20.0     -99.0    15.0    0.0
*  09-11   16  12  98    4.6      2.0      3.0       13.0     35.0     18.0     20.0     -99.0    15.0    0.0
00-31 12   16  12  98    4.6      2.0      3.0       13.0     35.0     18.0     20.0     -99.0    15.0    0.0
# scattered weak/moderate AP remaining
29-59 19   16  12  98    4.0      2.0      3.0       13.0     30.0     18.0     20.0     -99.0    15.0    0.0
*  20-22   16  12  98    4.0      2.0      3.0       13.0     30.0     18.0     20.0     -99.0    15.0    0.0
# weak second-trip echo remaining
39-59 07   17  12  98    3.0      2.0      3.0       13.0     18.0     18.0     20.0     -99.0    13.0    0.0
*     08   17  12  98    3.0      2.0      3.0       13.0     18.0     18.0     20.0     -99.0    13.0    0.0
00-11 09   17  12  98    3.0      2.0      3.0       13.0     18.0     18.0     20.0     -99.0    13.0    0.0   
# scattered weak/moderate AP and/or weak second-trip echo remaining
39-59 09   17  12  98    4.2      2.0      3.0       13.0     18.0     18.0     20.0     -99.0    15.0    0.0
*  10-22   17  12  98    4.2      2.0      3.0       13.0     18.0     18.0     20.0     -99.0    15.0    0.0
# weak second-trip echo remaining
29-41 03   18  12  98    3.0      2.0      3.0       13.0     18.0     18.0     20.0     -99.0    13.0    0.0
19-51 13   18  12  98    3.0      2.0      3.0       13.0     18.0     18.0     20.0     -99.0    13.0    0.0
09-11 06   19  12  98    3.0      2.0      3.0       13.0     14.0     18.0     20.0     -99.0    16.0    0.0
49-59 05   21  12  98    3.0      2.0      3.0       13.0     14.0     18.0     20.0     -99.0    15.0    0.0
00-01 06   21  12  98    3.0      2.0      3.0       13.0     14.0     18.0     20.0     -99.0    17.0    0.0
# weak second-trip eacho remaining (no precip present)
39-41 15   21  12  98    7.0      7.0      7.0       77.0     77.0     77.0     77.0     -99.0     0.0    0.0
00-41 18   21  12  98    7.0      7.0      7.0       77.0     77.0     77.0     77.0     -99.0     0.0    0.0
49-59 19   21  12  98    7.0      7.0      7.0       77.0     77.0     77.0     77.0     -99.0     0.0    0.0
00-41 20   21  12  98    7.0      7.0      7.0       77.0     77.0     77.0     77.0     -99.0     0.0    0.0
# weak second-trip echo remaining
29-51 04   22  12  98    3.0      2.0      3.0       13.0     13.0     18.0     20.0     -99.0    15.0    0.0
29-59 05   22  12  98    3.0      2.0      3.0       13.0     13.0     18.0     20.0     -99.0    15.0    0.0
*  06-08   22  12  98    3.0      2.0      3.0       13.0     13.0     18.0     20.0     -99.0    15.0    0.0
00-21 09   22  12  98    3.0      2.0      3.0       13.0     13.0     18.0     20.0     -99.0    15.0    0.0
00-11 10   22  12  98    3.0      2.0      3.0       13.0     13.0     18.0     20.0     -99.0    15.0    0.0
29-31 17   22  12  98    3.0      2.0      3.0       13.0     13.0     18.0     20.0     -99.0    15.0    0.0
39-59 04   23  12  98    3.0      2.0      3.0       13.0     17.0     18.0     20.0     -99.0    17.0    0.0
*     05   23  12  98    3.0      2.0      3.0       13.0     17.0     18.0     20.0     -99.0    17.0    0.0
00-11 06   23  12  98    3.0      2.0      3.0       13.0     17.0     18.0     20.0     -99.0    17.0    0.0
29-59 06   23  12  98    3.0      2.0      3.0       13.0     15.0     18.0     20.0     -99.0    17.0    0.0
*  07-08   23  12  98    3.0      2.0      3.0       13.0     15.0     18.0     20.0     -99.0    17.0    0.0
00-41 09   23  12  98    3.0      2.0      3.0       13.0     15.0     18.0     20.0     -99.0    17.0    0.0
00-11 10   23  12  98    3.0      2.0      3.0       13.0     13.0     18.0     20.0     -99.0    16.0    0.0
39-59 10   23  12  98    3.0      2.0      3.0       13.0     13.0     18.0     20.0     -99.0    16.0    0.0
00-01 11   23  12  98    3.0      2.0      3.0       13.0     13.0     18.0     20.0     -99.0    16.0    0.0
00-21 15   23  12  98    3.5      2.0      3.0       13.0     25.0     18.0     20.0     -99.0     0.0    0.0
49-59 18   23  12  98    3.5      2.0      3.0       13.0     25.0     18.0     20.0     -99.0     0.0    0.0
00-01 19   23  12  98    3.5      2.0      3.0       13.0     25.0     18.0     20.0     -99.0     0.0    0.0
# intense AP remaining (often embedded in precip)
39-59 02   24  12  98    3.0      2.0      3.0       13.0     13.0     18.0     20.0     -99.0    17.0    0.0
00-31 03   24  12  98    3.0      2.0      3.0       13.0     13.0     18.0     20.0     -99.0    17.0    0.0
# second trip echoes remaining
49-59 04   24  12  98    3.4      2.0      3.0       13.0     15.0     18.0     20.0     -99.0    17.0    0.0
*  05-09   24  12  98    3.4      2.0      3.0       13.0     15.0     18.0     20.0     -99.0    17.0    0.0
00-41 10   24  12  98    3.4      2.0      3.0       13.0     15.0     18.0     20.0     -99.0    17.0    0.0
# moderate AP remaining (often embedded in precip)
19-59 13   24  12  98    3.0      2.0      3.0       13.0     13.0     18.0     20.0     -99.0    17.0    0.0
00-01 14   24  12  98    3.0      2.0      3.0       13.0     13.0     18.0     20.0     -99.0    17.0    0.0
# moderate/intense AP remaining (often embedded in precip)
29-59 14   24  12  98    3.0      3.4      3.0       13.0     13.0     18.0     20.0     -99.0    17.0    0.0
*  15-17   24  12  98    3.0      3.4      3.0       13.0     13.0     18.0     20.0     -99.0    17.0    0.0
00-11 18   24  12  98    3.0      3.4      3.0       13.0     13.0     18.0     20.0     -99.0    17.0    0.0
# second-trip echo remaining (no precip present)
49-59 20   24  12  98    8.0      8.0      8.0       88.0     88.0     88.0     88.0     -99.0    88.0    0.0
*     21   24  12  98    8.0      8.0      8.0       88.0     88.0     88.0     88.0     -99.0    88.0    0.0
00-01 22   24  12  98    8.0      8.0      8.0       88.0     88.0     88.0     88.0     -99.0    88.0    0.0
# weak second-trip echo remaining
00-01 23   24  12  98    3.0      2.0      3.0       13.0     13.0     18.0     20.0     -99.0    15.0    0.0
29-31 23   24  12  98    3.0      2.0      3.0       13.0     13.0     18.0     20.0     -99.0    15.0    0.0
# scattered AP remaining
09-59 12   25  12  98    3.0      2.6      3.0       13.0     13.0     18.0     20.0     -99.0    16.0    0.0
*  13-21   25  12  98    3.0      2.6      3.0       13.0     13.0     18.0     20.0     -99.0    16.0    0.0
00-01 22   25  12  98    3.0      2.6      3.0       13.0     13.0     18.0     20.0     -99.0    16.0    0.0
*  10-13   26  12  98    3.0      2.6      3.0       13.0     13.0     18.0     20.0     -99.0    17.0    0.0
00-21 14   26  12  98    3.0      2.6      3.0       13.0     13.0     18.0     20.0     -99.0    17.0    0.0
# weak second-trip remaining
49-51 07   30  12  98    3.0      2.0      3.0       13.0     13.0     18.0     20.0     -99.0    15.0    0.0
# weak/moderate/intense AP remaining
49-59 10   30  12  98    3.0      2.5      3.0       13.0     13.0     18.0     20.0     -99.0    16.0    0.0
00-21 11   30  12  98    3.0      2.5      3.0       13.0     13.0     18.0     20.0     -99.0    16.0    0.0
49-59 11   30  12  98    3.0      2.7      3.0       13.0     13.0     18.0     20.0     -99.0    17.0    0.0
00-31 12   30  12  98    3.0      2.7      3.0       13.0     13.0     18.0     20.0     -99.0    17.0    0.0
39-59 14   30  12  98    3.0      2.7      3.0       13.0     13.0     18.0     20.0     -99.0    17.0    0.0
*  15-17   30  12  98    3.0      2.7      3.0       13.0     13.0     18.0     20.0     -99.0    17.0    0.0
# intense AP remaining (no precip present)
19-21 22   30  12  98    8.0      8.0      8.0       88.0     88.0     88.0     88.0     -99.0    88.0    0.0 
29-59 00   31  12  98    8.0      8.0      8.0       88.0     88.0     88.0     88.0     -99.0    88.0    0.0
00-51 01   31  12  98    8.0      8.0      8.0       88.0     88.0     88.0     88.0     -99.0    88.0    0.0
