# QC PARAMETERS	TABLE
# SITE: NOAA Ronald H. Brown 

# Add line(s) to the end of this table to complement or override those
# QC parameters specified on previous lines of the table.
#
# Use '#' as the 1st character of a comment line.
#
# The QC parameters applied to a radar volume scan are found via a
# bottom_to_top table search for a match between the VOS date/time and a
# table entry date/time.



#min hour day mon year hThresh1 hThresh2 hThresh3 zThresh0 zThresh1 zThresh2 zThresh3 hFreeze dbzNoise zCalibr
#------------------------------------------------------------------------------------------------------------
 *    *    *   *   *    1.0      1.0      3.0       10.0      12.0     12.0     18.0     -99.0     0.0    0.0
 *    *    01  08  99   1.0      1.0      3.0       25.0      12.0     12.0     18.0     -99.0     0.0    0.0
 *    *    02  08  99   1.0      1.0      3.0       20.0      12.0     12.0     18.0     -99.0     0.0    0.0
 *    *    04  08  99   1.0      1.0      3.0       20.0      12.0     12.0     18.0     -99.0     0.0    0.0 
 *    *    05  08  99   1.0      1.0      3.0       25.0      12.0     12.0     18.0     -99.0     0.0    0.0
 *    *  06-08 08  99   1.0      1.0      3.0       20.0      12.0     12.0     18.0     -99.0     0.0    0.0
 *    *    09  08  99   1.0      1.0      3.0       13.0      12.0     12.0     18.0     -99.0     0.0    0.0 
 *    *    14  08  99   1.0      1.0      3.0       13.0      12.0     12.0     18.0     -99.0     0.0    0.0
 *    *    15  08  99   2.0      1.0      3.0       10.0      12.0     12.0     18.0     -99.0     0.0    0.0
 *    *  16-17 08  99   1.0      1.0      3.0       20.0      12.0     12.0     18.0     -99.0     0.0    0.0 
# Intense clutter
17    04  01   08  99   1.0      1.0      3.0       27.0      12.0     12.0     18.0     -99.0     0.0    0.0
36    08  01   08  99   1.0      1.0      3.0       26.0      12.0     12.0     18.0     -99.0     0.0    0.0
41    09  01   08  99   1.0      1.0      3.0       26.0      12.0     12.0     18.0     -99.0     0.0    0.0
41    10  01   08  99   1.0      1.0      3.0       27.0      12.0     12.0     18.0     -99.0     0.0    0.0
29    11  01   08  99   1.0      1.0      3.0       27.0      12.0     12.0     18.0     -99.0     0.0    0.0
29    08  02   08  99   2.0      1.0      3.0       10.0      12.0     12.0     18.0     -99.0     0.0    0.0
41    08  02   08  99   2.0      1.0      3.0       10.0      12.0     12.0     18.0     -99.0     0.0    0.0
05    09  02   08  99   2.0      1.0      3.0       10.0      12.0     12.0     18.0     -99.0     0.0    0.0
53    09  02   08  99   2.0      1.0      3.0       10.0      12.0     12.0     18.0     -99.0     0.0    0.0
17    10  02   08  99   1.0      1.0      3.0       25.0      12.0     12.0     18.0     -99.0     0.0    0.0
41    10  02   08  99   2.0      1.0      3.0       10.0      12.0     12.0     18.0     -99.0     0.0    0.0
05    14  02   08  99   2.0      1.0      3.0       10.0      12.0     12.0     18.0     -99.0     0.0    0.0
17    15  02   08  99   1.0      1.0      3.0       23.0      12.0     12.0     18.0     -99.0     0.0    0.0
29    15  02   08  99   2.0      1.0      3.0       23.0      12.0     12.0     18.0     -99.0     0.0    0.0
05    16  02   08  99   2.0      1.0      3.0       10.0      12.0     12.0     18.0     -99.0     0.0    0.0
41    16  02   08  99   2.0      1.0      3.0       10.0      12.0     12.0     18.0     -99.0     0.0    0.0
53    18  02   08  99   1.0      1.0      3.0       23.0      12.0     12.0     18.0     -99.0     0.0    0.0
17    19  02   08  99   2.0      1.0      3.0       10.0      12.0     12.0     18.0     -99.0     0.0    0.0
29    19  02   08  99   1.0      1.0      3.0       23.0      12.0     12.0     18.0     -99.0     0.0    0.0
41    19  02   08  99   2.0      1.0      3.0       10.0      12.0     12.0     18.0     -99.0     0.0    0.0
53    19  02   08  99   1.0      1.0      3.0       23.0      12.0     12.0     18.0     -99.0     0.0    0.0
05    20  02   08  99   1.0      1.0      3.0       23.0      12.0     12.0     18.0     -99.0     0.0    0.0
17    20  02   08  99   1.0      1.0      3.0       23.0      12.0     12.0     18.0     -99.0     0.0    0.0
05    21  02   08  99   2.0      1.0      3.0       10.0      12.0     12.0     18.0     -99.0     0.0    0.0
17    21  02   08  99   2.0      1.0      3.0       10.0      12.0     12.0     18.0     -99.0     0.0    0.0
29    21  02   08  99   2.0      1.0      3.0       10.0      12.0     12.0     18.0     -99.0     0.0    0.0
53    21  02   08  99   2.0      1.0      3.0       10.0      12.0     12.0     18.0     -99.0     0.0    0.0
05    22  02   08  99   2.0      1.0      3.0       10.0      12.0     12.0     18.0     -99.0     0.0    0.0
*   16-20 03   08  99   1.0      1.0      3.0       19.0      12.0     12.0     18.0     -99.0     0.0    0.0
*   00-13 04   08  99   2.0      1.0      3.0       20.0      12.0     12.0     18.0     -99.0     0.0    0.0
29    07  04   08  99   2.0      1.0      3.0       20.0      15.0     12.0     18.0     -99.0     0.0    0.0
53    10  04   08  99   2.0      1.0      3.0       20.0      15.0     12.0     18.0     -99.0     0.0    0.0
17    11  04   08  99   2.0      1.0      3.0       20.0      15.0     12.0     18.0     -99.0     0.0    0.0
53    12  04   08  99   2.0      1.0      3.0       20.0      15.0     12.0     18.0     -99.0     0.0    0.0
29    13  04   08  99   2.0      1.0      3.0       20.0      15.0     12.0     18.0     -99.0     0.0    0.0
*     15  04   08  99   2.0      1.0      3.0       20.0      12.0     12.0     18.0     -99.0     0.0    0.0
*   17-18 04   08  99   2.0      1.0      3.0       20.0      12.0     12.0     18.0     -99.0     0.0    0.0
53    11  05   08  99   1.0      1.0      3.0       27.0      12.0     12.0     18.0     -99.0     0.0    0.0
00    12  05   08  99   1.0      1.0      3.0       27.0      12.0     12.0     18.0     -99.0     0.0    0.0
48    04  06   08  99   1.0      1.0      3.0       23.0      12.0     12.0     18.0     -99.0     0.0    0.0
17    11  06   08  99   1.0      1.0      3.0       23.0      12.0     12.0     18.0     -99.0     0.0    0.0
29    17  06   08  99   1.0      1.0      3.0       23.0      12.0     12.0     18.0     -99.0     0.0    0.0
41    17  06   08  99   1.0      1.0      3.0       23.0      12.0     12.0     18.0     -99.0     0.0    0.0
29    22  06   08  99   1.0      1.0      3.0       23.0      12.0     12.0     18.0     -99.0     0.0    0.0
41    22  06   08  99   1.0      1.0      3.0       23.0      12.0     12.0     18.0     -99.0     0.0    0.0
05    12  07   08  99   2.0      1.0      3.0       10.0      12.0     12.0     18.0     -99.0     0.0    0.0
53    06  08   08  99   1.0      1.0      3.0       23.0      12.0     12.0     18.0     -99.0     0.0    0.0
*   07-08 08   08  99   1.0      1.0      3.0       23.0      12.0     12.0     18.0     -99.0     0.0    0.0
53    09  08   08  99   1.0      1.0      3.0       23.0      12.0     12.0     18.0     -99.0     0.0    0.0
05    10  08   08  99   1.0      1.0      3.0       23.0      12.0     12.0     18.0     -99.0     0.0    0.0
17    10  08   08  99   1.0      1.0      3.0       23.0      12.0     12.0     18.0     -99.0     0.0    0.0
*   11-15 08   08  99   1.0      1.0      3.0       23.0      12.0     12.0     18.0     -99.0     0.0    0.0
29    16  08   08  99   1.0      1.0      3.0       23.0      12.0     12.0     18.0     -99.0     0.0    0.0
41    20  08   08  99   1.0      1.0      3.0       23.0      12.0     12.0     18.0     -99.0     0.0    0.0
*     21  08   08  99   1.0      1.0      3.0       23.0      12.0     12.0     18.0     -99.0     0.0    0.0
05    22  08   08  99   2.0      1.0      3.0       10.0      12.0     12.0     18.0     -99.0     0.0    0.0
29    22  08   08  99   2.0      1.0      3.0       10.0      15.0     12.0     18.0     -99.0     0.0    0.0
53    22  08   08  99   1.0      1.0      3.0       26.0      12.0     12.0     18.0     -99.0     0.0    0.0
41    23  08   08  99   2.0      1.0      3.0       10.0      12.0     12.0     18.0     -99.0     0.0    0.0
53    23  08   08  99   2.0      1.0      3.0       10.0      12.0     12.0     18.0     -99.0     0.0    0.0
*   00-04 10   08  99   1.0      1.0      3.0       19.0      12.0     12.0     18.0     -99.0     0.0    0.0
00-17 05  10   08  99   1.0      1.0      3.0       19.0      12.0     12.0     18.0     -99.0     0.0    0.0
48-59 08  10   08  99   1.0      1.0      3.0       19.0      12.0     12.0     18.0     -99.0     0.0    0.0
*   09-15 10   08  99   1.0      1.0      3.0       19.0      12.0     12.0     18.0     -99.0     0.0    0.0
*   17-18 10   08  99   1.0      1.0      3.0       19.0      12.0     12.0     18.0     -99.0     0.0    0.0
05    21  10   08  99   1.0      1.0      3.0       19.0      12.0     12.0     18.0     -99.0     0.0    0.0
*   03-13 12   08  99   2.5      1.0      3.0       10.0      15.0     12.0     18.0     -99.0     0.0    0.0
*   22-23 12   08  99   1.0      1.0      3.0       10.0      12.0     12.0     25.0     -99.0     0.0    0.0
*   19-23 13   08  99   1.8      1.3      2.0       12.0      25.0     20.0     25.0     -99.0     0.0    0.0
29    15  14   08  99   1.0      1.5      3.0       10.0      12.0     12.0     18.0     -99.0     0.0    0.0
48    21  14   08  99   1.0      1.2      3.0       10.0      12.0     12.0     18.0     -99.0     0.0    0.0
*   10-23 16   08  99   2.0      1.0      3.0       10.0      15.0     12.0     18.0     -99.0     0.0    0.0
05    01  17   08  99   1.0      1.0      3.0       23.0      12.0     12.0     18.0     -99.0     0.0    0.0
05    02  17   08  99   1.0      1.0      3.0       23.0      12.0     12.0     18.0     -99.0     0.0    0.0
*   04-23 17   08  99   2.0      1.0      3.0       10.0      15.0     12.0     18.0     -99.0     0.0    0.0
12    00  18   08  99   1.0      1.0      3.0       19.0      12.0     12.0     18.0     -99.0     0.0    0.0
24    00  18   08  99   1.0      1.0      3.0       19.0      12.0     12.0     18.0     -99.0     0.0    0.0
48    00  18   08  99   1.0      1.0      3.0       19.0      12.0     12.0     18.0     -99.0     0.0    0.0
12    01  18   08  99   1.0      1.0      3.0       19.0      12.0     12.0     18.0     -99.0     0.0    0.0
24    01  18   08  99   1.0      1.0      3.0       19.0      12.0     12.0     18.0     -99.0     0.0    0.0
48    01  18   08  99   1.0      1.0      3.0       19.0      12.0     12.0     18.0     -99.0     0.0    0.0
48    02  18   08  99   1.0      1.5      3.0       10.0      12.0     12.0     18.0     -99.0     0.0    0.0
05    03  18   08  99   1.0      1.5      3.0       10.0      12.0     12.0     18.0     -99.0     0.0    0.0
29-53 04  18   08  99   2.5      1.0      3.0       10.0      15.0     12.0     18.0     -99.0     0.0    0.0
41    05  18   08  99   2.0      1.0      3.0       10.0      12.0     12.0     18.0     -99.0     0.0    0.0
53    05  18   08  99   2.0      1.0      3.0       10.0      12.0     12.0     18.0     -99.0     0.0    0.0
*   06-07 18   08  99   2.0      1.0      3.0       10.0      12.0     12.0     18.0     -99.0     0.0    0.0
00-12 08  18   08  99   2.0      1.0      3.0       10.0      12.0     12.0     18.0     -99.0     0.0    0.0
53    09  18   08  99   2.0      1.0      3.0       10.0      12.0     12.0     18.0     -99.0     0.0    0.0
17-41 10  18   08  99   2.0      1.0      3.0       10.0      12.0     12.0     18.0     -99.0     0.0    0.0
12    00  19   08  99   2.0      1.0      3.0       10.0      12.0     12.0     18.0     -99.0     0.0    0.0
53    00  19   08  99   2.0      1.0      3.0       10.0      12.0     12.0     18.0     -99.0     0.0    0.0
24    05  19   08  99   2.0      1.0      3.0       10.0      12.0     12.0     18.0     -99.0     0.0    0.0
29    05  19   08  99   1.8      1.0      3.0       10.0      12.0     12.0     18.0     -99.0     0.0    0.0
48-53 05  19   08  99   2.0      1.0      3.0       10.0      12.0     12.0     18.0     -99.0     0.0    0.0
17    06  19   08  99   2.0      1.0      3.0       10.0      12.0     12.0     18.0     -99.0     0.0    0.0
36    10  19   08  99   2.0      1.0      3.0       10.0      12.0     12.0     18.0     -99.0     0.0    0.0
41-59 20  24   08  99   2.0      1.5      3.0       10.0      15.0     12.0     18.0     -99.0     0.0    0.0
*   21-23 24   08  99   2.0      1.5      3.0       10.0      15.0     12.0     18.0     -99.0     0.0    0.0
53    04  25   08  99   1.0      1.0      3.0       19.0      12.0     12.0     18.0     -99.0     0.0    0.0
24-36 05  25   08  99   1.0      1.0      3.0       19.0      12.0     12.0     18.0     -99.0     0.0    0.0
41    05  25   08  99   1.0      1.0      3.0       20.0      12.0     12.0     18.0     -99.0     0.0    0.0
48-59 05  25   08  99   1.0      1.0      3.0       19.0      12.0     12.0     18.0     -99.0     0.0    0.0
00-24 06  25   08  99   1.0      1.0      3.0       19.0      12.0     12.0     18.0     -99.0     0.0    0.0
29    06  25   08  99   1.0      1.0      3.0       20.0      12.0     12.0     18.0     -99.0     0.0    0.0
41    06  25   08  99   1.0      1.0      3.0       20.0      12.0     12.0     18.0     -99.0     0.0    0.0
00-05 07  25   08  99   1.0      1.0      3.0       20.0      12.0     12.0     18.0     -99.0     0.0    0.0
29-53 08  25   08  99   1.0      1.0      3.0       20.0      12.0     12.0     18.0     -99.0     0.0    0.0
29    09  25   08  99   1.0      1.0      3.0       19.0      12.0     12.0     18.0     -99.0     0.0    0.0
05    11  25   08  99   1.0      1.0      3.0       19.0      12.0     12.0     18.0     -99.0     0.0    0.0
41    23  25   08  99   2.0      1.0      3.0       10.0      12.0     12.0     18.0     -99.0     0.0    0.0
00    00  26   08  99   1.0      1.0      3.0       19.0      12.0     12.0     18.0     -99.0     0.0    0.0
36-41 00  26   08  99   1.0      1.0      3.0       19.0      12.0     12.0     18.0     -99.0     0.0    0.0
53-59 02  26   08  99   1.0      1.0      3.0       19.0      12.0     12.0     18.0     -99.0     0.0    0.0
00-53 03  26   08  99   1.0      1.0      3.0       19.0      12.0     12.0     18.0     -99.0     0.0    0.0
29    04  26   08  99   1.0      1.0      3.0       19.0      12.0     12.0     18.0     -99.0     0.0    0.0
48    05  26   08  99   1.0      1.0      3.0       19.0      12.0     12.0     18.0     -99.0     0.0    0.0
53    05  26   08  99   1.0      1.0      3.0       20.0      12.0     12.0     18.0     -99.0     0.0    0.0
17    07  26   08  99   1.0      1.0      3.0       13.0      12.0     12.0     18.0     -99.0     0.0    0.0
41    07  26   08  99   1.0      1.0      3.0       19.0      12.0     12.0     18.0     -99.0     0.0    0.0
41    08  26   08  99   1.0      1.0      3.0       20.0      12.0     12.0     18.0     -99.0     0.0    0.0
48    10  26   08  99   1.0      1.0      3.0       13.0      12.0     12.0     18.0     -99.0     0.0    0.0
00    12  26   08  99   1.0      1.0      3.0       13.0      12.0     12.0     18.0     -99.0     0.0    0.0
17-59 18  26   08  99   1.0      1.0      3.0       19.0      12.0     12.0     18.0     -99.0     0.0    0.0
00-29 19  26   08  99   1.0      1.0      3.0       19.0      12.0     12.0     18.0     -99.0     0.0    0.0
29    22  26   08  99   1.0      1.0      3.0       20.0      12.0     12.0     18.0     -99.0     0.0    0.0
41    22  26   08  99   1.0      1.0      3.0       20.0      12.0     12.0     18.0     -99.0     0.0    0.0
53-59 22  26   08  99   1.0      1.0      3.0       20.0      12.0     12.0     18.0     -99.0     0.0    0.0
*     23  26   08  99   1.0      1.0      3.0       20.0      12.0     12.0     18.0     -99.0     0.0    0.0
*  01-04  27   08  99   1.0      1.0      3.0       20.0      12.0     12.0     18.0     -99.0     0.0    0.0
53    01  27   08  99   1.0      1.0      3.0       23.0      12.0     12.0     18.0     -99.0     0.0    0.0
17    02  27   08  99   1.0      1.0      3.0       23.0      12.0     12.0     18.0     -99.0     0.0    0.0
17    03  27   08  99   1.0      1.0      3.0       23.0      12.0     12.0     18.0     -99.0     0.0    0.0
00-29 05  27   08  99   1.0      1.0      3.0       20.0      12.0     12.0     18.0     -99.0     0.0    0.0
# light radial spike specks
17    00  28   08  99   1.0      2.0      3.0       10.0      12.0     12.0     18.0     -99.0     0.0    0.0
29-36 00  28   08  99   1.0      2.0      3.0       10.0      12.0     12.0     18.0     -99.0     0.0    0.0
05    01  28   08  99   1.0      2.0      3.0       10.0      12.0     12.0     18.0     -99.0     0.0    0.0
12    01  28   08  99   1.0      1.5      3.0       10.0      12.0     12.0     18.0     -99.0     0.0    0.0
17    02  28   08  99   1.0      2.5      3.0       10.0      12.0     12.0     18.0     -99.0     0.0    0.0
24    02  28   08  99   1.0      1.5      3.0       10.0      12.0     12.0     18.0     -99.0     0.0    0.0
41    21  28   08  99   1.0      1.5      3.0       10.0      12.0     12.0     18.0     -99.0     0.0    0.0
24    20  30   08  99   1.0      1.5      3.0       10.0      12.0     12.0     18.0     -99.0     0.0    0.0 
36    20  30   08  99   1.0      1.5      3.0       10.0      12.0     12.0     18.0     -99.0     0.0    0.0
41    09  31   08  99   1.0      1.0      3.0       13.0      12.0     12.0     18.0     -99.0     0.0    0.0
# Atoll clutter specks
*  00-07  01   09  99   1.0      1.0      3.0       19.0      12.0     12.0     18.0     -99.0     0.0    0.0
12-24 11  01   09  99   1.0      1.0      3.0       19.0      12.0     12.0     18.0     -99.0     0.0    0.0
*  12-13  01   09  99   1.0      1.0      3.0       20.0      12.0     12.0     18.0     -99.0     0.0    0.0
*  14-23  01   09  99   1.0      1.2      3.0       20.0      12.0     12.0     18.0     -99.0     0.0    0.0
*  00-08  02   09  99   1.0      1.0      3.0       20.0      12.0     12.0     18.0     -99.0     0.0    0.0
# radial spike specks
17    15  02   09  99   1.0      1.5      3.0       10.0      12.0     12.0     18.0     -99.0     0.0    0.0
# Intense clutter specks
48    15  02   09  99   1.0      1.0      3.0       15.0      12.0     12.0     18.0     -99.0     0.0    0.0
12    16  02   09  99   1.0      1.0      3.0       15.0      12.0     12.0     18.0     -99.0     0.0    0.0
05    17  02   09  99   1.0      1.0      3.0       15.0      12.0     12.0     18.0     -99.0     0.0    0.0
24    18  02   09  99   1.0      1.0      3.0       15.0      12.0     12.0     18.0     -99.0     0.0    0.0
# Radial spike specks
37-59 07  03   09  99   1.0      1.5      3.0       10.0      12.0     12.0     18.0     -99.0     0.0    0.0
*  08-12  03   09  99   1.0      1.5      3.0       10.0      12.0     12.0     18.0     -99.0     0.0    0.0
05    08  03   09  99   1.5      1.0      3.0       10.0      12.0     12.0     30.0     -99.0     0.0    0.0
12    09  03   09  99   2.5      1.0      3.0       10.0      15.0     12.0     18.0     -99.0     0.0    0.0
24    09  03   09  99   2.5      1.0      3.0       10.0      15.0     12.0     18.0     -99.0     0.0    0.0
48    09  03   09  99   2.5      1.0      3.0       10.0      15.0     12.0     18.0     -99.0     0.0    0.0
29    11  03   09  99   2.5      1.0      3.0       10.0      15.0     12.0     18.0     -99.0     0.0    0.0
00-24 13  03   09  99   1.0      1.5      3.0       10.0      12.0     12.0     18.0     -99.0     0.0    0.0
# Clutter 
48    19  03   09  99   1.0      1.0      3.0       13.0      12.0     12.0     18.0     -99.0     0.0    0.0
00    20  03   09  99   1.0      1.0      3.0       13.0      12.0     12.0     18.0     -99.0     0.0    0.0
24    20  03   09  99   1.0      1.0      3.0       13.0      12.0     12.0     18.0     -99.0     0.0    0.0
36    20  03   09  99   1.0      1.0      3.0       15.0      12.0     12.0     18.0     -99.0     0.0    0.0
48    20  03   09  99   1.0      1.0      3.0       14.0      12.0     12.0     18.0     -99.0     0.0    0.0
00    21  03   09  99   1.0      1.0      3.0       14.0      12.0     12.0     18.0     -99.0     0.0    0.0
00    22  03   09  99   1.0      1.0      3.0       13.0      12.0     12.0     18.0     -99.0     0.0    0.0
24    22  03   09  99   1.0      1.0      3.0       13.0      12.0     12.0     18.0     -99.0     0.0    0.0
17    23  03   09  99   1.0      1.5      3.0       10.0      12.0     12.0     18.0     -99.0     0.0    0.0
29-41 00  04   09  99   1.0      2.0      3.0       10.0      12.0     12.0     18.0     -99.0     0.0    0.0
48-53 00  04   09  99   1.0      1.0      3.0       19.0      12.0     12.0     18.0     -99.0     0.0    0.0
*  01-03  04   09  99   1.0      1.0      3.0       20.0      12.0     12.0     18.0     -99.0     0.0    0.0
12    03  04   09  99   1.0      1.0      3.0       23.0      12.0     12.0     18.0     -99.0     0.0    0.0
24-29 03  04   09  99   1.0      1.0      3.0       23.0      12.0     12.0     18.0     -99.0     0.0    0.0
05    04  04   09  99   1.0      1.0      3.0       21.0      12.0     12.0     18.0     -99.0     0.0    0.0
36    04  04   09  99   1.0      2.0      3.0       10.0      12.0     12.0     18.0     -99.0     0.0    0.0
48    04  04   09  99   1.0      1.8      3.0       10.0      12.0     12.0     18.0     -99.0     0.0    0.0
12    05  04   09  99   1.0      1.0      3.0       19.0      12.0     12.0     18.0     -99.0     0.0    0.0
36    05  04   09  99   1.0      1.0      3.0       20.0      12.0     12.0     18.0     -99.0     0.0    0.0
48    05  04   09  99   1.0      1.0      3.0       19.0      12.0     12.0     18.0     -99.0     0.0    0.0
17-29 06  04   09  99   1.0      1.0      3.0       19.0      12.0     12.0     18.0     -99.0     0.0    0.0
12-59 07  04   09  99   1.0      1.0      3.0       19.0      12.0     12.0     18.0     -99.0     0.0    0.0
*     08  04   09  99   1.0      1.0      3.0       19.0      12.0     12.0     18.0     -99.0     0.0    0.0
00-17 09  04   09  99   1.0      1.0      3.0       19.0      12.0     12.0     18.0     -99.0     0.0    0.0
*     12  04   09  99   1.0      1.0      3.0       15.0      12.0     12.0     18.0     -99.0     0.0    0.0
00-12 13  04   09  99   1.0      1.0      3.0       15.0      12.0     12.0     18.0     -99.0     0.0    0.0
29    15  04   09  99   1.0      1.5      3.0       10.0      12.0     12.0     18.0     -99.0     0.0    0.0
00    18  04   09  99   1.0      1.0      3.0       15.0      12.0     12.0     18.0     -99.0     0.0    0.0
12    18  04   09  99   1.0      1.0      3.0       15.0      12.0     12.0     18.0     -99.0     0.0    0.0
00    19  04   09  99   1.0      1.0      3.0       15.0      12.0     12.0     18.0     -99.0     0.0    0.0
12    19  04   09  99   1.0      1.0      3.0       15.0      12.0     12.0     18.0     -99.0     0.0    0.0
24    00  05   09  99   1.0      1.5      3.0       10.0      12.0     12.0     18.0     -99.0     0.0    0.0
*     01  05   09  99   1.0      1.0      3.0       13.0      12.0     12.0     18.0     -99.0     0.0    0.0
00-24 02  05   09  99   1.0      1.0      3.0       13.0      12.0     12.0     18.0     -99.0     0.0    0.0
24    03  05   09  99   1.0      1.5      3.0       10.0      12.0     12.0     18.0     -99.0     0.0    0.0
41    03  05   09  99   1.0      1.5      3.0       10.0      12.0     12.0     18.0     -99.0     0.0    0.0
12    08  05   09  99   1.0      1.0      3.0       13.0      12.0     12.0     18.0     -99.0     0.0    0.0
*  10-18  05   09  99   1.0      1.0      3.0       13.0      12.0     12.0     18.0     -99.0     0.0    0.0
05    10  05   09  99   1.0      1.0      3.0       20.0      12.0     12.0     18.0     -99.0     0.0    0.0
53    13  05   09  99   1.0      2.0      3.0       13.0      12.0     12.0     18.0     -99.0     0.0    0.0
00    14  05   09  99   1.0      1.5      3.0       13.0      12.0     12.0     18.0     -99.0     0.0    0.0
12    14  05   09  99   1.0      1.5      3.0       13.0      12.0     12.0     18.0     -99.0     0.0    0.0
24-59 14  05   09  99   1.0      1.5      3.0       13.0      12.0     12.0     18.0     -99.0     0.0    0.0
00-24 15  05   09  99   1.0      1.5      3.0       13.0      12.0     12.0     18.0     -99.0     0.0    0.0
*     23  05   09  99   1.0      1.0      3.0       13.0      12.0     12.0     18.0     -99.0     0.0    0.0
29    19  06   09  99   1.0      1.0      3.0       20.0      12.0     12.0     18.0     -99.0     0.0    0.0
# radial spike specks
24    15  07   09  99   1.0      1.5      3.0       10.0      12.0     12.0     18.0     -99.0     0.0    0.0
# clutter specks & radial spike specks on 9/8
24    01  08   09  99   1.0      1.0      3.0       13.0      12.0     12.0     18.0     -99.0     0.0    0.0
12    04  08   09  99   2.0      1.0      3.0       10.0      12.0     12.0     18.0     -99.0     0.0    0.0
24    04  08   09  99   2.0      1.0      3.0       10.0      12.0     12.0     18.0     -99.0     0.0    0.0
00    05  08   09  99   2.0      1.0      3.0       10.0      12.0     12.0     18.0     -99.0     0.0    0.0
41    05  08   09  99   1.0      1.0      3.0       13.0      12.0     12.0     18.0     -99.0     0.0    0.0
53    05  08   09  99   2.0      1.0      3.0       10.0      12.0     12.0     18.0     -99.0     0.0    0.0
05    07  08   09  99   1.0      1.0      3.0       13.0      12.0     12.0     18.0     -99.0     0.0    0.0
12    11  08   09  99   1.0      1.0      3.0       13.0      12.0     12.0     18.0     -99.0     0.0    0.0
00    12  08   09  99   1.0      1.0      3.0       13.0      12.0     12.0     18.0     -99.0     0.0    0.0
12    12  08   09  99   1.0      1.0      3.0       13.0      12.0     12.0     18.0     -99.0     0.0    0.0
24    12  08   09  99   1.0      1.0      3.0       13.0      12.0     12.0     18.0     -99.0     0.0    0.0
12    13  08   09  99   1.0      1.0      3.0       13.0      12.0     12.0     18.0     -99.0     0.0    0.0
48    13  08   09  99   1.0      1.0      3.0       13.0      12.0     12.0     18.0     -99.0     0.0    0.0
05    14  08   09  99   1.0      1.0      3.0       13.0      12.0     12.0     18.0     -99.0     0.0    0.0
48    14  08   09  99   2.0      1.0      3.0       13.0      12.0     12.0     25.0     -99.0     0.0    0.0
00    15  08   09  99   2.0      1.0      3.0       13.0      12.0     12.0     25.0     -99.0     0.0    0.0
05    15  08   09  99   1.0      1.0      3.0       13.0      12.0     12.0     18.0     -99.0     0.0    0.0
53    15  08   09  99   2.0      1.0      3.0       13.0      12.0     12.0     18.0     -99.0     0.0    0.0
12    16  08   09  99   1.0      1.0      3.0       13.0      12.0     12.0     18.0     -99.0     0.0    0.0
24    16  08   09  99   1.0      1.0      3.0       13.0      12.0     12.0     18.0     -99.0     0.0    0.0
24    17  08   09  99   1.0      1.0      3.0       13.0      12.0     12.0     18.0     -99.0     0.0    0.0
36    17  08   09  99   1.0      1.0      3.0       13.0      12.0     12.0     18.0     -99.0     0.0    0.0
12    18  08   09  99   1.0      1.0      3.0       13.0      12.0     12.0     18.0     -99.0     0.0    0.0
17    19  08   09  99   1.0      1.0      3.0       13.0      12.0     12.0     18.0     -99.0     0.0    0.0
00    20  08   09  99   1.0      1.0      3.0       13.0      12.0     12.0     18.0     -99.0     0.0    0.0
17    21  08   09  99   1.0      1.0      3.0       15.0      12.0     12.0     18.0     -99.0     0.0    0.0
*  14-23  09   09  99   1.0      1.0      3.0       13.0      12.0     12.0     18.0     -99.0     0.0    0.0
# clutter specks for 9/10
05    01  10   09  99   1.0      1.0      3.0       13.0      12.0     12.0     18.0     -99.0     0.0    0.0
00    02  10   09  99   1.0      1.0      3.0       13.0      12.0     12.0     18.0     -99.0     0.0    0.0
05    02  10   09  99   1.0      1.0      3.0       13.0      12.0     12.0     18.0     -99.0     0.0    0.0
36    02  10   09  99   1.0      1.0      3.0       13.0      12.0     12.0     18.0     -99.0     0.0    0.0
00    03  10   09  99   1.0      1.0      3.0       15.0      12.0     12.0     18.0     -99.0     0.0    0.0
24    03  10   09  99   1.0      1.0      3.0       13.0      12.0     12.0     18.0     -99.0     0.0    0.0
*  05-08  10   09  99   1.0      1.0      3.0       13.0      12.0     12.0     18.0     -99.0     0.0    0.0
00-12 10  10   09  99   1.0      1.0      3.0       13.0      12.0     12.0     18.0     -99.0     0.0    0.0
48    11  10   09  99   1.0      1.0      3.0       13.0      12.0     12.0     18.0     -99.0     0.0    0.0
00    12  10   09  99   1.0      1.0      3.0       15.0      12.0     12.0     18.0     -99.0     0.0    0.0
41    14  10   09  99   2.0      1.0      3.0       10.0      12.0     12.0     18.0     -99.0     0.0    0.0
53    14  10   09  99   2.0      1.0      3.0       10.0      12.0     12.0     18.0     -99.0     0.0    0.0
29    22  10   09  99   1.0      1.0      3.0       15.0      12.0     12.0     18.0     -99.0     0.0    0.0
24    00  11   09  99   1.0      1.0      3.0       13.0      12.0     12.0     18.0     -99.0     0.0    0.0
41    00  11   09  99   1.0      1.0      3.0       13.0      12.0     12.0     18.0     -99.0     0.0    0.0
12    01  11   09  99   1.0      1.0      3.0       13.0      12.0     12.0     18.0     -99.0     0.0    0.0
24    01  11   09  99   1.0      1.0      3.0       13.0      12.0     12.0     18.0     -99.0     0.0    0.0
05    03  11   09  99   1.0      1.5      3.0       10.0      12.0     12.0     18.0     -99.0     0.0    0.0
00    06  11   09  99   1.0      1.0      3.0       10.0      12.0     12.0     28.0     -99.0     0.0    0.0
05    12  11   09  99   1.0      1.5      3.0       10.0      12.0     12.0     18.0     -99.0     0.0    0.0
*   00-05 12   09  99   1.0      1.0      3.0       19.0      12.0     12.0     18.0     -99.0     0.0    0.0

